1.124586 1.491173 2
2.982154 0.275734 1
-0.367243 0.068235 2
1.216709 -0.804729 1
3.077832 0.307613 1
1.165453 1.627965 2
0.737648 1.055470 2
0.838988 1.355942 2
1.452510 -0.056967 2
-0.570093 -0.355338 2
2.530460 0.999303 2
-0.665868 -0.196121 2
0.710813 0.241071 1
0.599696 0.490842 1
1.756905 0.074770 2
0.948428 1.313416 2
0.686576 0.635707 1
0.169045 0.559267 1
-0.645616 0.161937 2
1.772816 0.110923 2
1.004103 1.808166 2
1.817261 2.176210 1
1.521861 -1.118359 1
1.290093 -0.202066 2
2.563616 1.242761 2
0.835404 1.812803 2
0.468426 0.625330 1
-0.419195 0.299635 2
0.735383 0.605209 1
0.782550 1.353771 2
1.970467 -0.003252 2
1.172105 1.246989 2
2.433691 1.223353 2
0.695042 0.232301 1
-0.061539 0.051762 2
2.993110 0.507699 2
1.988810 1.985430 1
0.592161 0.457385 1
1.350346 -0.168634 2
1.011141 -1.159968 1
1.931247 -0.103207 2
2.693758 -0.016679 1
0.531721 -0.702025 1
3.235707 0.177287 1
0.577723 0.635118 1
2.353569 1.775976 1
0.416551 0.465938 1
1.427520 0.005961 2
1.428862 1.714585 2
-0.478780 0.141369 2
2.677142 -0.066924 1
-0.632290 0.061571 2
0.974434 -1.246335 1
1.152169 1.629305 2
2.203837 0.676874 2
0.554224 -1.113267 1
2.550273 0.904051 2
0.609548 0.581776 1
1.197035 -0.799205 1
0.904214 -1.113876 1
-0.452592 0.113807 2
-0.281499 -0.024041 2
2.514409 1.922459 1
2.841594 1.038349 2
1.554287 0.215875 2
2.785861 1.239911 2
1.465351 0.008369 2
1.612219 -0.180406 2
2.774453 1.270605 2
2.307744 0.774772 2
0.808223 1.104468 2
0.631630 -0.850569 1
1.417017 -0.335954 2
2.113055 2.207774 1
1.404137 0.049908 2
1.353192 -0.190725 2
2.496578 1.104073 2
0.633561 1.683171 2
0.245876 0.330525 1
2.104492 1.885766 1
1.397412 0.080910 2
1.320331 -0.194039 2
1.784982 1.743702 1
0.671954 1.585754 2
1.049715 1.782946 2
1.114227 0.090860 2
1.969230 1.756834 1
1.337422 0.294788 2
0.617103 0.358686 1
1.731963 0.298304 2
2.795004 -0.289961 1
0.562529 0.345545 1
2.794966 -0.348621 1
-0.381529 -0.245980 2
0.630208 0.601540 1
2.092618 0.812665 2
1.550372 1.355604 2
2.669530 0.181334 1
2.043313 1.877532 1
1.888615 -0.930106 1
1.142346 1.721626 2
1.883817 1.791293 1
3.111789 0.003699 1
1.842611 1.814381 1
2.747956 0.951801 2
0.679501 -1.164908 1
1.734261 -0.244655 2
-0.989403 -0.470525 2
2.764974 0.149833 1
2.565758 1.099574 2
0.965712 1.543553 2
1.936222 1.952357 1
2.178191 1.587412 1
2.212071 1.723803 1
1.232809 -1.083260 1
2.721993 -0.643741 1
-0.315919 0.444347 2
1.049322 -0.023814 2
3.161220 -0.148479 1
1.534023 2.372998 1
0.994541 -0.987860 1
3.229417 0.017077 1
-0.753437 -0.089160 2
0.724658 0.351954 1
1.218241 -1.332869 1
-0.905868 0.530931 2
2.202934 2.066058 1
2.679959 -0.049467 1
1.332447 -0.755477 1
-0.007508 -0.238107 2
2.503964 1.994518 1
1.592859 0.137377 2
-0.515010 -0.053714 2
2.424026 0.944407 2
0.832960 1.448995 2
3.320953 0.286723 1
-0.453434 -0.472165 2
2.122531 1.836979 1
2.137401 1.902707 1
2.128043 0.861485 2
2.249659 1.021679 2
0.462230 1.605293 2
2.124909 1.202505 2
-0.207846 -0.045268 2
2.542512 0.884878 2
0.834083 1.577203 2
0.975289 1.896642 2
0.492046 0.594528 1
2.892891 0.635258 2
-0.450158 -0.025367 2
2.555048 1.773086 1
1.837554 1.832394 1
-0.494657 -0.057452 2
2.144594 2.291753 1
2.027156 2.089582 1
0.646983 -1.425451 1
-0.394702 0.090554 2
1.918278 0.236148 2
1.095555 1.504736 2
2.534670 1.063335 2
2.041092 1.987027 1
-0.119740 -0.329946 2
-0.191925 0.110790 2
2.958814 0.052573 1
0.934336 1.557380 2
2.042476 2.184754 1
-0.425500 0.173848 2
0.415409 0.369210 1
2.059286 -0.120617 2
2.286559 1.636868 1
1.056680 1.607979 2
2.611497 1.024231 2
0.199604 0.586629 1
2.931731 0.858006 2
2.906717 -0.283095 1
1.044243 1.528940 2
2.601183 0.858654 2
-0.713277 0.373096 2
-0.443859 -0.018090 2
2.608932 0.609959 1
1.805368 2.080098 1
0.056749 0.744309 1
2.754477 1.334231 2
2.060614 1.515347 1
0.267042 0.437517 1
1.149785 -0.151423 2
1.208743 -1.120311 1
2.463038 1.184448 2
3.080873 0.233635 1
-0.602741 0.010988 2
0.949440 1.532586 2
1.554399 0.051854 2
1.127736 1.908041 2
2.364541 0.776763 2
0.921051 -0.939404 1
2.679702 1.211421 2
0.288328 0.182844 1
-0.047113 0.582786 1
1.979323 1.650201 1
1.900944 0.260389 2
0.438537 0.474302 1
0.923284 -1.287582 1
1.464590 1.567018 1
1.062582 1.299335 2
0.952856 -1.060600 1
2.130389 -0.068192 2
-0.341351 0.106504 2
2.260087 1.908814 1
-0.392982 -0.110733 2
1.300653 1.612657 2
1.912847 1.973893 1
0.774670 1.516833 2
0.706988 0.611527 1
-0.283626 0.196017 2
0.410970 0.983032 1
1.411942 -1.158270 1
1.682394 -0.161607 2
0.704317 1.825848 2
-0.620741 -0.150472 2
1.043713 -1.007949 1
3.244857 1.233839 2
0.768218 0.157475 1
0.672099 0.461987 1
1.887348 1.898140 1
2.257527 2.076016 1
1.363191 1.790982 1
2.487675 0.992748 2
1.605020 1.205113 2
2.900539 0.632465 1
0.759875 1.450273 2
0.977831 0.287553 2
1.620996 -1.377097 1
2.747971 0.730181 2
0.796319 -1.115922 1
0.866790 1.250688 2
0.519368 0.479980 1
3.294533 -0.345947 1
1.105332 1.631831 2
0.297319 0.075744 1
0.699335 1.506837 2
1.351103 0.237192 2
1.799078 -0.048477 2
2.984185 0.354075 1
0.864827 -0.076039 2
-0.245313 -0.189962 2
1.779683 2.147932 1
0.969417 -0.661089 1
2.574630 1.167495 2
0.919409 1.489536 2
-0.327530 0.555250 2
2.991172 -0.005087 1
1.232446 1.739847 2
1.312452 -0.604693 1
2.118559 1.753320 1
3.076385 0.068745 1
2.221473 0.894942 2
3.048592 -0.132409 1
0.459198 0.220185 1
0.945758 1.406812 2
1.920791 1.955107 1
2.160622 1.119742 2
-0.437869 -0.061737 2
-0.462902 0.044869 2
1.521175 -0.369385 2
1.237147 -0.995906 1
1.615943 -0.185377 2
-0.645097 0.045716 2
-0.416609 -0.016699 2
-0.294199 -0.251502 2
1.759839 2.119053 1
1.301975 1.426557 2
1.991212 1.824928 1
2.913010 1.115794 2
2.059176 1.006927 2
-0.352694 0.399131 2
-0.808086 -0.098557 2
3.048341 -0.434759 1
1.470178 -1.221269 1
-0.310355 0.029753 2
1.895473 1.861316 1
1.084151 -0.114061 2
0.351303 -1.001347 1
0.920693 -1.137947 1
-0.576687 -0.245744 2
2.259874 1.858577 1
1.413685 1.447891 2
2.957202 0.069685 1
2.485877 1.113077 2
0.585054 0.842995 1
0.919037 1.560714 2
1.642557 -0.457624 2
1.314039 0.206758 2
0.893917 0.545990 1
-0.465353 0.194700 2
0.738591 1.560916 2
0.445085 0.603634 1
1.634967 -0.817750 1
1.952284 1.738865 1
-0.593400 0.079689 2
-0.367333 -0.091956 2
1.412026 1.440231 2
2.276004 1.939379 1
1.514223 -0.951826 1
1.303907 -0.241385 2
2.952505 -0.127212 1
2.780184 0.435778 1
2.739383 1.201706 2
0.329004 0.741393 1
0.664690 -1.051182 1
2.163823 1.934303 1
2.597053 1.165861 2
-0.584405 -0.047382 2
0.098392 0.121872 2
1.092511 -1.024123 1
1.994666 2.327400 1
-0.614458 -0.187212 2
0.625442 0.707406 1
2.709335 0.220626 1
0.503182 0.546834 1
2.119270 1.818172 1
2.628263 -0.092157 1
1.313147 -0.239549 2
0.735114 -0.904267 1
0.669763 1.616638 2
3.359993 0.995849 2
2.980544 1.112808 2
1.457075 0.092702 2
-0.254041 -0.046739 2
0.930126 0.153727 2
1.314987 1.282991 2
3.228572 0.379007 1
1.507927 -0.187080 2
1.635299 0.049475 2
1.307383 -0.935806 1
-0.485851 0.041889 2
3.128106 -0.144264 1
2.148021 1.932118 1
2.300703 2.232929 1
2.500963 0.637891 2
0.839235 -0.547265 1
1.428256 -0.042228 2
2.601182 1.129649 2
2.205154 2.023719 1
0.950340 -0.982703 1
1.720196 -0.136498 2
1.258762 -0.921655 1
1.833096 1.989038 1
1.617646 0.095989 2
2.058386 1.926142 1
3.455652 0.156257 1
0.834213 1.182816 2
1.566203 2.376255 1
1.792179 -0.022477 2
-0.719155 -0.124128 2
1.371759 -0.224922 2
2.209835 2.079196 1
1.331431 1.607173 2
1.970330 1.035260 2
1.996176 1.966068 1
0.848271 -1.007454 1
2.124090 0.942255 2
3.097120 0.214484 1
0.590870 0.501200 1
2.912364 0.798787 2
3.416715 -0.370866 1
2.427028 1.343569 2
0.683361 -1.190296 1
0.627409 0.604791 1
2.446230 1.048362 2
2.129385 1.327253 2
3.112792 -0.283292 1
2.101252 2.057829 1
1.383687 0.037151 2
1.180284 1.764235 2
1.925496 1.820982 1
1.519074 1.997763 1
0.913932 1.376369 2
-0.325432 0.164291 2
1.976790 2.314934 1
0.389015 -0.922260 1
0.855145 1.408404 2
-0.699363 0.089367 2
3.128636 -0.355559 1
1.305470 -0.241403 2
2.492703 0.910017 2
2.142912 2.015624 1
2.587870 0.961689 2
1.592444 0.372404 2
0.726755 1.676980 2
2.282931 1.923887 1
1.364524 -0.117845 2
2.318181 1.199027 2
1.035007 1.580051 2
0.111442 0.809372 1
-0.134658 -0.127526 2
-0.635220 -0.011312 2
1.120622 1.860361 2
0.996525 -1.077738 1
0.630453 0.602765 1
-0.429003 -0.136320 2
1.427531 -0.111213 2
2.811436 1.376252 2
1.133296 1.408538 2
1.181473 2.145810 2
2.724489 0.086597 1
1.889216 1.521990 1
2.364072 1.077801 2
-0.843548 -0.192096 2
1.573579 -1.124757 1
2.089934 0.603517 2
0.730510 -0.990078 1
2.182630 0.741459 2
2.739100 1.112183 2
0.848195 -1.298334 1
1.027701 1.735029 2
2.383977 1.415488 2
2.410192 1.213341 2
1.220009 -0.145257 2
0.727036 1.912137 2
1.937891 2.190954 1
1.493349 -1.052224 1
0.492691 0.525967 1
1.075285 -1.081708 1
1.697415 1.973864 1
1.380487 1.564477 2
1.672555 -0.033453 2
1.332910 -0.286799 2
1.127404 0.163851 2
-0.563827 0.090332 2
1.757213 2.163211 1
0.861548 1.633852 2
0.567959 -0.690520 1
1.754927 2.142168 1
1.330081 1.190661 2
2.859300 1.189779 2
0.892349 1.221683 2
3.626928 0.181125 1
0.716791 -1.412221 1
2.882428 0.145680 1
2.258307 0.630988 2
2.304062 0.772359 2
0.103434 0.223159 1
1.061248 1.157822 2
-0.289967 0.180346 2
1.917242 0.236709 2
2.231246 1.773689 1
1.982340 2.250369 1
0.729511 -1.139447 1
2.170729 1.537994 1
1.183691 -0.600321 1
2.400010 1.723959 1
1.841005 1.911338 1
2.144310 0.935640 2
2.119214 0.842619 2
0.894927 -1.057215 1
2.941361 0.272021 1
-0.210958 0.301731 2
0.101997 0.594522 1
1.389974 1.411804 2
0.994553 -0.915493 1
0.816988 1.604049 2
3.051282 0.447059 1
2.973448 0.336475 1
2.176591 1.370049 2
0.541995 0.600962 1
0.433846 0.642578 1
1.411990 -0.411016 2
-0.494029 0.121548 2
1.321409 -0.248925 2
0.452984 0.375116 1
-0.547869 0.243343 2
2.391373 0.720770 2
2.112452 0.864990 2
0.884218 0.384627 1
1.918381 1.937826 1
0.990880 -1.364576 1
-0.578367 -0.073581 2
3.142351 -0.019830 1
1.855279 2.228935 1
0.397573 0.938736 1
1.063130 -0.372088 2
-0.262435 -0.133885 2
1.247199 1.230994 2
-0.209500 -0.086193 2
3.477688 0.457943 1
1.697038 0.128265 2
2.034049 0.889378 2
-0.477164 -0.337330 2
2.325522 0.253520 2
0.480668 0.340973 1
2.832680 0.861620 2
-0.542949 -0.395518 2
1.929461 1.838571 1
2.287485 0.416792 2
2.218836 1.126888 2
1.918910 2.107816 1
2.021792 2.141252 1
2.890920 1.125219 2
1.366787 -1.016237 1
-0.279214 0.251256 2
1.633039 0.146025 2
-0.501860 0.192959 2
3.035634 -0.137099 1
1.040933 -0.919129 1
0.286292 0.400941 1
3.141561 -0.416568 1
-0.492614 -0.143350 2
1.481632 1.854935 1
3.046628 -0.219673 1
0.821965 1.798715 2
2.287497 2.115495 1
3.031704 0.065730 1
1.339025 0.085803 2
3.194755 -0.131585 1
0.813468 -1.084582 1
1.689675 -1.093939 1
3.084614 0.105131 1
2.402611 1.177865 2
0.556985 0.644055 1
0.663038 0.392887 1
2.571742 0.907776 2
1.045550 -0.685021 1
1.037817 1.281230 2
2.487220 1.519894 1
1.318739 0.042105 2
3.105632 0.058088 1
0.321176 0.566254 1
0.845973 1.328598 2
0.821284 1.660143 2
-0.682781 0.012337 2
0.632237 0.634964 1
-0.465465 -0.021573 2
2.360901 2.081598 1
0.431016 -1.104843 1
3.215355 0.408076 1
3.168382 0.000338 1
2.728268 0.532770 2
2.328170 2.123591 1
-0.776066 -0.085627 2
0.977967 1.281837 2
-0.358161 0.078421 2
2.242501 1.228264 2
0.057232 0.041776 1
0.942729 0.060628 2
3.406324 -0.058449 1
1.678135 0.001274 2
1.180353 -0.913497 1
2.955997 0.150790 1
0.533604 -1.097460 1
1.194450 1.714768 2
1.983110 1.768669 1
1.221854 0.102061 2
2.726151 0.152774 1
0.529502 0.593598 1
2.758052 0.122380 1
0.403686 0.327233 1
1.101561 1.813918 2
1.113124 1.640180 2
2.125355 1.058105 2
-0.179986 0.088788 2
3.029441 0.260348 1
2.467219 1.029024 2
1.129809 1.622411 2
1.666079 -0.273488 2
1.209268 -1.210641 1
2.029404 1.899977 1
-0.725246 -0.147826 2
0.819535 1.488754 2
0.893912 0.431946 2
1.829496 1.895437 1
0.888928 1.317899 2
0.536386 0.600121 1
0.852444 1.859190 2
1.080219 1.607734 2
2.942730 1.076972 2
1.585900 -0.181002 2
1.123110 -0.756199 1
1.308391 -1.109773 1
2.370579 1.070040 2
2.383435 1.009770 2
1.349905 -1.115548 1
0.265097 0.395911 1
1.147798 1.775308 2
-0.171600 0.017421 2
2.659904 1.004349 2
2.860329 0.461480 2
2.607855 1.359903 2
1.188140 -0.283114 2
2.408122 0.914828 2
1.029744 -1.084818 1
2.885962 0.985496 2
0.192672 0.469919 1
0.644604 1.736728 2
0.434981 0.423605 1
2.138332 1.956149 1
2.359551 2.090536 1
0.554059 0.389272 1
0.994997 1.313684 2
-0.136581 0.052380 2
2.852792 1.359320 2
0.283952 0.349560 1
1.306611 -0.040150 2
-0.467376 -0.120969 2
-0.358058 0.410134 2
0.689711 0.605770 1
1.113444 1.563308 2
2.372491 0.962507 2
1.484882 0.128835 2
1.233509 1.227945 2
3.429023 -0.085432 1
0.990192 -1.160301 1
2.359120 0.776937 2
2.765028 0.078667 1
0.283463 0.413946 1
2.204876 0.983621 2
0.975761 1.512743 2
2.904311 0.078958 1
2.377007 1.254227 2
3.140966 -0.581268 1
-0.386337 0.126264 2
1.405579 0.081838 2
0.865601 1.204687 2
1.895454 1.501607 1
2.813870 0.238988 1
0.016352 0.582057 1
3.296735 0.120192 1
2.067142 2.023550 1
1.042272 -1.213162 1
2.729862 0.755858 1
1.992729 1.221411 2
1.097653 -0.816937 1
1.471412 0.146847 2
0.270515 0.748840 1
1.235920 1.429306 2
1.121257 -0.817176 1
3.157011 0.232781 1
1.218032 1.784947 1
-0.227779 0.003665 2
0.826008 -0.914780 1
2.111077 2.263849 1
1.208927 0.562764 2
2.147678 2.038869 1
1.043943 -1.265705 1
-0.439388 -0.290579 2
0.852402 1.364594 2
1.457104 -1.139657 1
-0.396435 -0.258218 2
2.686666 1.149973 2
2.526199 0.967199 2
1.305187 -0.386814 2
-0.391635 0.337325 2
0.548684 0.735108 1
-0.543338 0.057637 2
0.740360 -0.599522 1
2.260952 1.217085 2
2.963961 0.296283 1
-0.569421 0.155929 2
0.361149 0.910316 1
3.048245 -0.352445 1
-0.296532 0.354806 2
2.877678 0.426759 1
3.041180 0.050309 1
-0.164679 -0.167446 2
-0.224534 -0.003305 2
2.194657 1.830662 1
1.113801 1.635158 2
1.229606 0.505110 2
1.595395 1.937396 1
2.451318 1.077314 2
3.200741 0.331795 1
1.946820 2.285583 1
1.337416 -0.785545 1
2.013509 0.162686 2
1.414652 -1.182028 1
-0.369812 0.317730 2
1.363181 -0.832391 1
1.167633 1.725165 2
1.243873 -0.775696 1
2.599328 0.870138 2
2.242210 2.234081 1
2.855776 0.393225 1
3.140930 -0.257590 1
2.962256 0.173142 1
3.180437 -0.289147 1
3.058919 0.402205 1
1.751305 -0.100792 2
2.858725 0.603110 1
1.920910 0.352947 2
0.713828 1.197340 2
1.291854 0.098572 2
3.139052 0.167080 1
1.524665 -0.910697 1
2.725842 0.303779 1
1.829287 -0.270799 2
2.733370 -0.013638 1
1.122161 2.095332 2
1.503568 -0.085965 2
0.758024 1.372243 2
2.048479 2.200364 1
2.977763 0.976886 2
2.513637 0.734341 2
0.880902 -1.125762 1
0.518961 0.675275 1
0.319381 0.597954 1
1.309544 -0.147285 2
0.622725 -1.351217 1
0.961156 1.535505 2
1.085218 -1.251333 1
1.105916 1.220447 2
2.424398 0.746116 2
3.095693 -0.063604 1
2.044660 1.723872 1
0.707503 -0.986976 1
0.673856 1.514749 2
0.475384 0.258550 1
0.242967 0.464286 1
-0.494210 -0.373558 2
-0.591355 -0.066461 2
1.653545 -0.095754 2
1.861495 1.802102 1
0.810893 1.636641 2
0.602463 -0.907278 1
2.590700 1.177093 2
0.503409 -0.926623 1
2.361428 0.899177 2
1.227857 1.249521 2
2.882421 -0.096269 1
3.214958 0.213898 1
0.814572 1.228669 2
2.496305 1.435299 2
2.749659 0.005654 1
2.528221 -0.456595 1
1.069493 1.626369 2
1.140165 0.266187 2
1.143660 -0.756888 1
3.270968 0.798807 1
0.645998 -0.987332 1
1.978896 1.864375 1
2.026225 1.152753 2
-0.304212 -0.222844 2
0.672552 -1.094017 1
1.409088 -1.362029 1
0.294625 0.466588 1
0.851587 -1.134121 1
2.031359 2.107956 1
0.700378 -0.722755 1
1.164664 1.414818 2
1.700298 -1.100501 1
2.669293 0.948847 2
-0.215224 -0.091599 2
0.715660 -0.806032 1
2.916456 -0.249416 1
0.545711 -1.022088 1
2.372617 0.971984 2
0.932496 1.890724 2
-0.585356 0.260896 2
1.419520 1.610623 2
2.791575 -0.042273 1
0.668493 0.515426 1
0.337739 1.075285 1
-0.808065 0.194320 2
0.115873 0.595479 1
1.700298 -0.301179 2
1.849867 -0.243876 2
1.163220 1.396086 2
0.197334 0.314500 1
0.957622 1.533898 2
0.579691 0.396418 1
1.152929 0.182869 2
2.895497 -0.246375 1
3.017391 0.106443 1
0.711002 0.153519 1
3.074257 0.199734 1
2.523885 1.201482 2
-0.649376 0.008292 2
0.860096 -1.140800 1
-0.541349 0.035781 2
1.569923 0.014587 2
2.005099 1.967132 1
2.469257 0.996393 2
0.726766 -1.371348 1
-0.394491 0.051277 2
1.197949 -0.925877 1
3.322601 -0.202684 1
-0.319102 0.351391 2
1.599525 1.288297 2
0.855006 1.302348 2
2.996635 0.408220 1
1.698538 0.041745 2
3.200304 0.333162 1
1.285614 -1.138570 1
0.327362 0.639417 1
1.954824 1.907387 1
0.302327 0.693532 1
0.934637 -1.117382 1
-0.821968 -0.219224 2
-0.240587 0.037686 2
0.348978 0.428660 1
1.298889 0.508905 2
1.538627 -0.813182 1
1.172461 1.987864 2
2.803436 -0.514107 1
1.090585 -1.351736 1
2.944517 0.391539 1
-0.419208 0.392299 2
0.255690 0.685895 1
-0.866970 -0.192232 2
1.586480 -0.278566 2
2.269969 1.194532 2
1.549910 -0.176453 2
1.113961 1.422012 2
2.211727 2.274784 1
1.043618 -1.394392 1
0.574859 0.396547 1
2.368282 0.946265 2
1.269213 0.103884 2
1.467837 0.226874 2
3.186734 -0.021433 1
0.579521 0.619672 1
2.771389 -0.067896 1
1.239032 -0.749010 1
2.007168 1.929505 1
0.707328 0.651403 1
1.323901 1.791615 2
1.486207 1.719393 2
2.895934 -0.368694 1
0.630976 1.691436 2
2.957082 -0.290232 1
2.285101 2.226785 1
1.679222 1.911067 1
0.536758 0.621529 1
1.002503 -0.904238 1
-0.836895 -0.254386 2
2.932637 0.264598 1
1.042452 -1.262055 1
1.976251 1.748299 1
-0.069305 0.165068 1
-0.910432 0.063274 2
-0.892431 -0.322365 2
-0.362864 0.226512 2
1.814224 2.390556 1
3.281283 0.092102 1
2.624118 0.199629 1
-0.191678 0.288665 2
1.353962 1.472592 2
-0.233362 -0.478784 2
1.627445 1.708511 2
1.830035 2.237457 1
0.674924 0.368042 1
0.341867 0.820396 1
1.963698 2.002965 1
1.175513 0.965062 2
2.655814 0.757086 2
1.837922 0.049821 2
1.506866 -0.092204 2
3.045545 1.343583 2
-0.586355 0.211040 2
0.549793 0.396281 1
1.029786 -0.893891 1
1.102758 1.575943 2
1.086780 1.456503 2
2.126543 1.262969 2
0.367246 0.385237 1
0.643347 0.361294 1
0.820209 1.686702 2
1.773430 1.512617 1
1.781132 0.283255 2
0.582501 0.411398 1
-0.133429 -0.106513 2
2.552850 0.895333 2
0.688727 1.404032 2
2.436070 0.747314 2
2.350144 0.967526 2
1.846232 1.937892 1
1.004842 1.468356 2
0.811407 -0.876771 1
2.125200 1.789844 1
2.301901 0.948853 2
2.014243 0.736208 2
0.568085 1.134801 2
2.854588 0.252722 1
1.597838 0.407523 2
1.662237 0.304421 2
-0.159252 -0.051602 2
-0.566699 -0.023291 2
1.372490 -0.294699 2
2.208319 0.889984 2
2.876433 1.049962 2
-0.381209 0.565443 2
0.872301 0.493927 1
-0.952642 0.179548 2
0.337708 0.282214 1
0.835867 1.529024 2
0.550887 0.432913 1
2.000043 1.960892 1
0.357395 0.604998 1
1.943466 2.131315 1
2.946102 0.008349 1
2.546912 -0.486066 1
3.222621 0.027678 1
3.122664 0.071669 1
1.082572 -0.250407 2
1.016231 -1.005064 1
1.407500 -1.069668 1
-0.817589 0.135081 2
1.921044 1.791984 1
2.352514 0.904000 2
3.043214 -0.160540 1
1.209531 1.579766 2
1.744245 2.045242 1
0.962173 1.750062 2
1.187099 -0.988598 1
3.206181 0.413602 1
1.603239 -0.158027 2
-0.245901 -0.408604 2
0.846462 0.310414 1
1.959682 -0.103127 2
1.876483 1.929969 1
2.000940 1.036934 2
0.933653 -1.074913 1
1.930775 1.915582 1
1.894161 2.560736 1
-0.469091 -0.160780 2
1.004624 0.028776 2
1.826757 -0.019630 2
3.416503 -0.140847 1
1.747438 1.994940 1
2.959935 -0.450861 1
1.014673 -1.028378 1
0.282229 1.191110 1
0.404441 0.003793 1
1.753197 -0.102572 2
-0.485129 0.143386 2
0.431857 0.714674 1
2.122670 2.048119 1
2.880997 0.335745 1
-0.573570 0.213551 2
3.028357 0.223186 1
1.844867 2.211715 1
-0.723587 0.317549 2
3.100036 -0.516782 1
2.660628 0.801179 2
2.386340 1.005534 2
-0.442566 0.084163 2
1.845012 2.497145 1
0.454787 0.660680 1
0.842178 1.686327 2
1.156493 -1.274911 1
0.737467 1.114273 2
2.607212 1.106391 2
-0.299795 0.084857 2
3.076291 -0.115836 1
2.219445 1.831767 1
1.995173 1.900950 1
0.686576 0.337618 1
0.556717 0.682832 1
0.659101 1.778419 2
2.983125 0.192970 1
0.540400 0.669662 1
1.951713 2.253742 1
2.831802 0.661166 2
1.751722 1.826278 1
-0.554428 0.104493 2
0.781396 -1.081774 1
0.799088 1.315590 2
0.642688 -1.398603 1
0.357191 0.551324 1
2.708783 0.703764 2
1.281591 1.480759 2
1.201362 -1.127926 1
-0.161481 -0.002433 2
0.384248 0.446510 1
1.763962 1.915944 1
1.010186 -1.225467 1
1.705808 2.069777 1
2.310629 0.859884 2
2.100652 -0.022124 2
1.448964 1.627323 2
3.026564 0.448837 1
0.343797 0.653055 1
-0.717418 0.288444 2
1.131467 -1.585350 1
1.108767 1.400330 2
1.572237 -0.118222 2
1.862417 2.001279 1
1.283432 -1.156977 1
1.344009 1.150548 2
1.570333 0.048528 2
0.883674 0.304765 1
-0.805108 0.079930 2
0.588098 0.584978 1
2.264224 2.127612 1
0.314828 0.486938 1
0.582013 -0.251523 2
1.889719 1.732793 1
0.559519 -1.125439 1
0.555637 0.699944 1
-0.441038 0.123628 2
0.526628 0.585538 1
2.616902 0.077261 1
1.265075 -0.080676 2
2.348532 1.994784 1
0.665759 1.706872 2
0.474631 0.439514 1
2.168937 2.332968 1
-0.692087 0.183175 2
2.516802 1.075907 2
2.909683 0.587947 1
1.204018 -1.259390 1
1.221717 1.976755 2
2.458350 0.537091 2
2.111795 1.869334 1
1.077616 1.462774 2
1.700099 1.886424 1
0.604895 1.835052 2
1.342392 0.563147 2
-0.677277 -0.080879 2
1.753557 2.186625 1
-0.852463 -0.076576 2
-0.601579 -0.036095 2
0.073818 0.796875 1
2.808892 0.855552 2
1.384974 -0.232877 2
0.805658 -1.293014 1
-1.042590 0.205720 2
1.606243 0.133425 2
1.893104 2.221523 1
0.829738 1.627264 2
1.095431 -0.989155 1
2.809329 -0.285657 1
-0.705080 -0.326283 2
1.145168 -0.884347 1
2.511985 1.223716 2
-0.653924 0.347489 2
-0.448583 -0.090503 2
2.993134 0.757394 1
2.982112 0.047418 1
1.196142 -0.958064 1
-0.608213 -0.102970 2
2.666638 1.317034 2
0.585188 0.379880 1
1.096331 1.387308 2
2.283961 1.898286 1
0.225362 0.514180 1
2.623917 1.026799 2
3.220276 -0.175549 1
1.571856 -0.128395 2
2.143472 0.611450 2
0.468624 1.685157 2
-0.692463 -0.110080 2
1.046017 -0.189134 2
-0.527896 -0.086504 2
1.483203 -0.242474 2
-0.264716 -0.051338 2
1.556083 0.312612 2
1.055892 1.811836 2
0.833073 -1.361945 1
1.195201 -1.005349 1
2.827485 0.368764 1
0.621953 0.369871 1
2.136865 1.822561 1
-0.689859 -0.163300 2
1.048852 1.294881 2
1.178839 -0.481614 1
0.286739 0.441990 1
-0.205142 -0.102273 2
1.595149 -0.494149 2
3.303000 0.127080 1
1.009735 0.806818 1
1.378722 0.388616 2
-0.024128 0.554256 2
1.614125 -0.123734 2
0.752896 1.450680 2
1.160858 -0.792472 1
1.967924 2.048994 1
0.696835 0.048279 1
0.916432 0.265644 2
0.844316 -0.931933 1
3.116549 -0.305354 1
0.553295 0.209927 1
0.455356 0.695059 1
-0.521364 -0.041960 2
2.207532 1.889295 1
0.714386 0.791815 1
-0.372714 0.126445 2
-0.638913 0.103924 2
1.550842 0.173265 2
2.747236 -0.227558 1
0.783613 -1.212171 1
-0.444821 -0.034483 2
-0.604487 0.206920 2
-0.564974 -0.008150 2
1.268312 -0.250560 2
0.940123 0.921110 2
2.499281 1.186163 2
1.577899 1.724817 2
2.786228 0.067686 1
2.339315 2.489490 1
2.055833 1.599671 2
2.234842 2.076996 1
-0.555662 0.052740 2
2.280889 2.194427 1
-0.669910 -0.382920 2
1.712143 2.030168 1
2.068406 2.386837 1
-0.184947 -0.107785 2
1.779934 2.037149 1
2.349133 0.858854 2
2.579872 0.931850 2
2.301094 2.130169 1
3.282511 0.190935 1
0.735725 -0.872469 1
3.252801 -0.003993 1
1.414916 -1.167125 1
2.719589 1.070144 2
0.726633 1.543161 2
1.451015 -1.052259 1
0.842816 1.172994 2
3.333532 -0.134305 1
1.512670 -1.018339 1
1.042158 -0.993865 1
1.731796 2.142265 1
3.059286 -0.026532 1
3.063932 0.138657 1
2.599944 0.715480 2
1.710894 0.237229 2
0.673697 -1.206144 1
2.038132 2.032252 1
-0.252986 0.150592 2
2.490027 0.881744 2
2.029779 2.140447 1
3.057840 -0.804998 1
2.866726 0.068561 1
2.788994 -0.219100 1
1.062439 1.218307 2
1.178374 1.226260 2
2.292121 2.148093 1
2.052206 2.461268 1
-0.472510 -0.626595 2
1.875203 1.593617 1
1.191775 -1.132237 1
0.999317 1.443346 2
1.190430 0.305852 2
3.283220 -0.233837 1
0.577366 0.502853 1
0.392645 0.305231 1
2.589318 -0.415201 1
1.276738 -0.017075 2
1.340597 -0.001384 2
1.875635 2.023012 1
1.027377 1.491738 2
2.825851 0.831821 2
1.054032 1.429323 2
0.006607 0.834041 1
1.942183 2.101098 1
1.089758 -1.156326 1
-0.710787 0.205454 2
1.747230 2.092050 1
0.840845 0.216558 1
1.100839 -1.125734 1
2.952000 0.382671 1
0.793982 0.697986 1
1.773210 2.273715 1
0.702455 -1.039304 1
2.002049 1.819884 1
0.621462 0.712321 1
2.467729 0.695768 2
1.114406 0.201034 2
2.665790 1.038602 2
1.372828 0.352324 2
2.034111 0.909316 2
1.665787 1.899211 1
0.927521 1.071629 2
2.728348 0.224164 1
0.636272 0.639865 1
0.992302 -1.331051 1
-0.068833 0.357943 2
0.568015 0.052313 1
2.246169 2.138251 1
-0.345779 0.190712 2
2.684380 1.021330 2
0.219493 0.252749 1
1.091877 -1.326788 1
1.104798 -0.591951 1
1.094413 -0.502176 2
0.847459 0.472568 1
1.135544 1.406501 2
1.958157 2.274504 1
3.083196 0.147965 1
0.653952 1.312283 2
2.024029 1.849215 1
1.072702 1.989755 2
1.151576 1.049167 2
0.630794 1.184841 2
0.536798 0.709143 1
2.579816 1.099122 2
1.108543 1.499727 2
2.064882 2.071686 1
1.989744 2.286608 1
2.928726 -0.066426 1
2.632153 0.872596 2
0.602745 0.481215 1
-0.887179 0.079976 2
-0.187525 0.027910 2
2.032980 1.924963 1
0.987557 -0.194303 2
0.632674 0.691354 1
2.091484 2.228953 1
-0.478659 -0.209413 2
0.371505 0.177777 1
3.119412 0.007774 1
1.321953 -0.121427 2
2.362038 2.294027 1
0.654574 -1.170013 1
2.722637 -0.693653 1
-0.531031 0.271155 2
-0.585188 -0.173200 2
3.372721 0.151319 1
1.290716 -0.008768 2
2.596135 1.160021 2
2.394159 1.097523 2
0.702672 0.058328 1
1.469754 -0.791635 1
-0.502511 0.189505 2
2.842319 0.241369 1
1.066095 -0.965946 1
1.051528 0.190734 2
0.732318 0.415351 1
0.986298 -1.000104 1
1.713440 0.048821 2
1.825235 2.057210 1
-0.680062 0.405194 2
1.904697 2.479141 1
2.222633 1.125738 2
3.036447 -0.126931 1
0.039629 -0.141636 1
1.232601 -0.811852 1
2.366035 0.396842 2
3.112995 -0.003721 1
-0.425817 0.141253 2
2.787835 -0.284115 1
3.043278 0.032541 1
2.869278 0.536038 1
-0.678855 0.030222 2
3.032966 -0.085294 1
1.047272 1.725779 2
0.803138 -1.257984 1
1.327885 1.552626 2
1.372737 -0.972587 1
2.044592 -0.064258 2
0.612929 -1.329192 1
3.150782 -0.084305 1
0.739546 0.464870 1
2.865224 0.417286 1
2.898152 0.800270 2
0.640651 0.499702 1
3.361124 -0.615370 1
1.213673 1.755135 2
-0.378986 -0.118284 2
3.040908 0.127264 1
1.010478 -0.947299 1
1.644458 -0.616415 1
0.375891 0.572289 1
1.243251 -0.335093 2
0.793178 1.798835 2
2.183365 2.111289 1
0.605093 0.628631 1
-0.598798 -0.181705 2
-0.845116 0.218455 2
1.209767 -1.123169 1
0.365265 0.349101 1
2.108246 0.716475 2
0.488195 0.269001 1
0.748807 0.502493 1
1.374270 0.209359 2
1.967975 1.944315 1
0.730028 -1.192078 1
2.086192 2.176769 1
1.327688 -0.702359 1
1.465170 0.258466 2
2.728961 0.202296 1
-0.370242 0.061287 2
1.023133 1.527836 2
-0.447931 0.104107 2
1.294411 -0.406652 2
0.806653 1.768626 2
0.846781 1.248678 2
3.107147 0.277041 1
-0.755753 0.092849 2
1.629704 -0.009606 2
2.547921 0.646450 2
3.342726 1.114652 2
0.740579 0.064498 1
2.444241 0.595637 2
1.188276 1.811472 2
0.932933 -0.768299 1
1.624115 -0.061049 2
1.017917 1.074260 2
1.976913 1.935880 1
2.473612 0.960856 2
-0.355644 -0.368052 2
3.015779 -0.564035 1
2.339617 1.071135 2
-0.729569 0.268279 2
1.795973 2.246630 1
1.512414 -0.176707 2
2.854892 0.408189 1
1.702282 -0.191395 2
3.069199 -0.468863 1
1.306679 0.168467 2
-0.447314 -0.097326 2
1.536608 0.192531 2
1.549058 2.293182 1
-0.317255 0.407358 2
1.964172 2.061757 1
2.562885 1.150857 2
1.886320 0.825948 2
2.773031 1.030656 2
0.621488 0.777485 1
-0.493260 0.390639 2
1.276575 1.519926 2
-0.504664 -0.163225 2
3.027192 0.619643 2
-0.663324 -0.173744 2
0.344612 0.817975 1
-0.957937 -0.179447 2
2.311759 0.980783 2
1.571923 -0.259232 2
1.228891 0.427277 2
2.482424 0.947781 2
1.635867 -0.116533 2
0.234747 0.436424 1
0.203948 0.561812 1
1.778390 2.341008 1
1.433753 0.031918 2
1.955525 2.466548 1
0.329324 0.736759 1
3.126881 0.563303 1
2.813003 0.457753 1
0.373922 0.614076 1
1.926885 0.129320 2
2.745685 0.814257 2
-0.292603 0.137024 2
0.798004 1.688434 2
0.401090 0.262058 1
2.292649 0.928597 2
2.263288 0.764229 2
0.811262 -0.803250 1
3.049415 0.421447 1
1.309124 1.433788 2
2.890659 0.085243 1
1.166398 -1.297865 1
2.334082 1.881378 1
2.354576 0.966988 2
1.576120 -0.265808 2
1.480261 0.256568 2
-0.697255 -0.002365 2
-0.587738 0.251814 2
0.559863 -1.234036 1
2.138663 2.177979 1
2.638395 0.875836 2
0.433658 -0.820506 1
0.311394 0.340062 1
1.005144 2.046459 2
-0.643433 -0.244808 2
2.883831 -0.261735 1
1.350651 -0.152970 2
1.072808 1.664383 2
-0.436657 -0.496461 2
-0.311343 -0.243762 2
-0.595113 0.318341 2
2.229341 1.685051 1
1.078808 1.463695 2
2.061606 -0.228928 2
0.195974 0.643793 1
2.965639 -0.260823 1
-0.307699 0.002220 2
2.132280 2.078188 1
2.464138 0.769675 2
-0.583146 -0.000175 2
1.852253 2.288376 1
-0.468083 0.149810 2
1.818595 0.308933 2
0.174161 0.820172 1
2.698176 0.945292 2
0.594050 1.414092 2
1.053643 1.601894 2
0.517333 0.467427 1
2.657572 1.006491 2
3.126642 0.032987 1
2.907415 1.401880 2
1.646662 -0.821219 1
-0.033716 -0.254834 2
1.080132 0.189583 2
-0.627399 -0.219408 2
0.968656 -1.586140 1
0.596053 -0.663945 1
1.877796 2.189598 1
1.607563 -0.292165 2
1.303226 -1.223879 1
1.938946 0.292564 2
1.371713 -0.914620 1
-0.444348 0.126691 2
1.237452 0.254202 2
3.090821 0.477512 1
-0.621838 -0.074555 2
0.944145 0.448715 1
2.680191 0.989127 2
2.141339 1.114508 2
0.615702 0.336231 1
1.609695 0.260353 2
2.779095 0.910814 2
0.754662 -0.835432 1
1.450984 1.555258 2
1.188489 1.273480 2
0.709800 1.273885 2
0.605764 0.489630 1
2.983586 0.073600 1
1.712811 0.363990 2
2.712149 1.349164 2
1.311410 -0.929843 1
2.298372 2.169936 1
0.626324 -1.255985 1
1.517352 1.869574 1
2.297051 2.162852 1
2.256009 2.028524 1
0.515918 0.539089 1
2.035542 1.225284 2
0.595786 -1.387822 1
-0.468623 0.104457 2
1.663967 -0.047406 2
1.930167 0.112740 2
1.003327 -1.217077 1
1.123018 -1.073310 1
2.169609 0.229532 2
1.170971 -0.805825 1
0.579957 0.369357 1
2.698000 1.040175 2
-0.287040 0.087048 2
0.976692 0.499199 1
2.314202 1.099665 2
1.611676 -0.206435 2
1.209107 1.544157 2
2.668588 0.888834 2
0.584627 1.652468 2
3.038242 0.351314 1
-0.574011 0.121343 2
1.450791 -1.070961 1
0.409838 0.487391 1
2.456072 1.263295 2
1.813201 1.935113 1
1.163528 -1.224134 1
0.811841 0.444391 2
2.933712 0.052070 1
2.222480 1.918759 1
0.887962 1.561404 2
1.009758 0.075907 2
0.725828 0.105203 1
3.320156 -0.081197 1
1.971637 1.924263 1
1.948848 1.827991 1
1.959121 1.871865 1
2.006749 1.325186 2
-0.434138 -0.111571 2
0.825961 -1.204472 1
1.380887 -0.970891 1
-0.388953 0.266316 2
0.898894 -1.057684 1
2.965766 -0.353074 1
1.190518 1.419214 2
0.541035 0.261723 1
0.893763 0.107486 1
2.007399 1.198925 2
-0.773577 0.190080 2
0.719004 -1.464493 1
0.776306 0.662545 1
0.407168 0.581193 1
1.970041 0.179686 2
0.207702 -1.018351 1
2.018746 0.163619 2
-0.260834 -0.164699 2
-0.378751 -0.379259 2
0.574431 -1.312609 1
0.688622 -1.135459 1
0.567876 -1.476197 1
2.834505 -0.014868 1
2.375924 1.222850 2
1.962103 0.864865 2
1.482452 1.406906 2
1.264157 0.306731 2
0.518897 0.670721 1
1.617453 0.446878 2
0.881866 -1.092282 1
1.574907 -0.011209 2
0.694826 0.326772 1
2.920185 0.419530 1
-0.581613 0.317608 2
-0.504239 0.212511 2
-0.477096 -0.504593 2
2.035919 1.998973 1
-0.273406 0.091257 2
0.491624 0.705916 1
2.676786 0.773289 2
1.192774 1.669974 2
0.530354 -1.116658 1
1.038554 -1.009662 1
3.028332 -0.263762 1
1.825555 1.912454 1
3.040597 0.149915 1
1.269606 0.086620 2
-0.476586 0.129256 2
2.571431 1.178517 2
2.255572 1.042667 2
2.044373 2.477329 1
-0.317457 0.008582 2
2.505467 0.785714 2
2.709819 1.056049 2
1.875623 -0.062894 2
2.873550 -0.262617 1
0.370725 -1.016276 1
-0.278083 0.172939 2
2.774141 0.984168 2
2.414703 1.136610 2
0.376984 0.447166 1
2.241611 1.995119 1
2.303525 1.386641 2
1.229889 0.015047 2
-0.118181 0.229679 2
0.103654 0.100710 1
0.963892 1.600615 2
3.174542 1.055295 2
0.770815 -1.067023 1
1.686007 0.106100 2
-0.098364 -0.328974 2
0.076404 0.717219 1
2.351035 0.840366 2
0.718269 1.113521 2
-0.745185 -0.187129 2
0.746600 0.308252 1
1.830365 1.827867 1
1.162967 -1.118168 1
1.731333 -0.142180 2
2.802569 -0.007923 1
3.195160 0.073244 1
1.403736 -0.116561 2
0.634935 0.209998 1
2.219279 2.090556 1
1.586297 -0.096316 2
3.126951 0.269289 1
2.270989 -0.002707 2
1.176278 1.459579 2
1.858214 2.420120 1
0.945019 -1.101494 1
2.867718 -0.277274 1
0.359683 0.692383 1
3.035520 0.108890 1
1.997113 2.157561 1
3.044531 -0.197057 1
-0.396038 0.201781 2
-0.063656 0.666278 1
0.933161 1.374946 2
2.904397 0.546173 1
0.768659 1.604422 2
1.371302 -0.013247 2
0.987860 1.524023 2
1.049908 -1.197445 1
-0.417457 0.147931 2
1.997737 1.150789 2
2.724571 1.180482 2
2.484011 0.454303 2
0.776990 1.624086 2
2.165043 1.705402 1
3.078782 -0.048384 1
0.480369 0.440650 1
0.827439 -0.637282 1
-0.694392 0.092904 2
-0.603760 -0.452366 2
1.572307 -0.104680 2
1.179381 1.545799 2
0.864827 0.648400 1
-0.630569 -0.394787 2
1.057532 1.614051 2
2.447831 0.031006 1
1.750242 -0.780527 2
1.322826 -0.375447 2
3.467267 0.138002 1
1.920299 0.060399 2
0.532354 0.728531 1
2.143077 2.216984 1
-0.686814 -0.371983 2
-0.397761 0.037536 2
2.450606 1.137193 2
1.986774 0.147109 2
2.523772 1.280866 2
1.886174 2.164109 1
2.271532 -0.190826 2
1.020966 -1.051484 1
-0.433483 0.102245 2
1.340293 0.165920 2
0.804475 0.696408 1
1.760154 -0.314860 2
-0.751328 0.357873 2
1.019333 1.273277 2
1.135978 1.118343 2
0.833695 -0.897522 1
0.903045 1.094174 2
1.270412 0.155970 2
3.252963 -0.205267 1
-0.062794 -0.096272 2
0.984469 -0.703189 1
1.717925 -0.271531 2
1.343709 1.415316 2
0.303532 0.593369 1
2.548824 1.139203 2
-0.206235 -0.352239 2
0.750458 0.301439 1
-0.447707 0.367352 2
0.089849 1.029129 1
0.817531 1.843620 2
0.812603 1.227717 2
1.104004 -1.057073 1
1.700735 -0.265028 2
-0.589529 -0.098832 2
2.049755 1.662380 1
1.365429 0.933620 2
2.113658 0.044353 2
0.511943 -0.333625 2
3.332088 0.874430 1
0.426352 0.174110 1
2.308851 1.198976 2
1.518586 -0.591846 2
0.968502 1.687072 2
3.305983 0.184604 1
3.258393 -0.225309 1
-0.413941 0.264373 2
0.766685 -1.359619 1
1.019430 0.211361 2
2.932584 0.346967 1
1.356859 0.177178 2
-0.234131 0.158373 2
3.210415 -0.469333 1
2.145219 1.933863 1
2.359877 1.011683 2
2.650138 1.009783 2
0.936376 0.406376 1
2.395261 0.976216 2
0.848710 1.385359 2
2.289984 1.906225 1
-0.541641 -0.029692 2
2.270498 0.679779 2
0.553163 -0.969107 1
1.165113 -0.900052 1
0.783272 1.349288 2
2.722754 1.197101 2
1.938035 1.841683 1
1.202943 -0.614043 1
0.765667 0.173966 1
0.877673 1.335417 2
2.484034 2.210813 1
0.602975 0.303567 1
3.140722 -0.180213 1
0.965051 0.651085 1
0.595262 -0.074888 1
2.952393 0.637798 1
2.104906 1.917317 1
-0.119601 0.135745 2
1.064246 1.668306 2
3.000139 -0.038048 1
-0.397545 0.048480 2
1.095528 1.376937 2
2.167768 1.554904 1
-0.629498 0.069829 2
1.166366 1.627703 2
2.212740 -0.006057 2
0.837631 -1.135556 1
2.941495 -0.041751 1
1.994979 0.005853 2
1.557804 -0.379914 2
1.011517 -0.209262 2
2.119205 2.217230 1
0.221086 0.626746 1
-0.617027 0.343157 2
1.918402 -1.083745 1
1.154781 1.534606 2
3.227785 0.125237 1
1.669094 -0.078941 2
-0.445449 0.486794 2
0.927974 -0.633470 1
1.108622 1.165395 2
1.769622 -0.055035 2
0.937031 -1.180909 1
3.088740 0.194196 1
1.520040 0.060406 2
2.667402 1.376407 2
1.424110 -0.941165 1
1.725696 -0.182320 2
1.230797 -0.969307 1
0.525931 0.249471 1
1.805670 1.731507 1
1.517298 1.714284 1
2.280967 1.914795 1
0.221959 0.760569 1
1.918468 2.181858 1
0.461377 -0.712843 1
2.972803 -0.133412 1
2.719457 1.095738 2
2.928792 0.013397 1
0.372934 0.170557 1
0.931228 1.687759 2
-0.199968 -0.259092 2
2.928471 0.749937 2
-0.466201 -0.033110 2
0.939892 0.603074 1
0.481511 -1.048375 1
-0.094434 0.334339 2
2.833716 1.308038 2
1.108671 -1.124150 1
1.484167 0.077501 2
2.274162 1.318711 2
1.259994 0.067318 2
0.936501 -1.181664 1
1.977609 -0.144442 2
2.077157 1.902767 1
2.350190 1.218589 2
0.496844 0.450556 1
0.365007 1.462671 2
2.734903 0.880944 2
0.840831 -1.215194 1
1.306256 -0.975686 1
2.618958 0.828954 2
-0.777908 -0.018810 2
1.949602 0.953585 2
0.231072 0.137933 1
1.324202 0.130329 2
1.944575 -0.347561 2
0.769645 0.987951 2
1.857234 -0.377855 2
1.039458 1.505199 2
0.360500 1.736765 2
-0.404414 0.303354 2
2.585905 -0.261245 1
0.802431 -0.722502 1
0.819891 1.343593 2
0.932420 1.412579 2
2.241096 1.400142 1
-0.328129 0.109156 2
2.036606 2.165319 1
2.674984 1.093469 2
0.705585 -0.844054 1
0.740935 0.747061 1
-1.206075 -0.163194 2
0.534978 0.167349 1
-0.551676 -0.196339 2
0.854391 1.157668 2
1.183327 -0.109812 2
2.449379 1.244069 2
1.350611 -0.167364 2
-0.687574 -0.041862 2
0.652075 0.743191 1
-0.586019 0.457451 2
-0.291904 0.007126 2
1.248675 -1.007198 1
0.556549 0.850889 1
-0.537067 0.099322 2
1.280092 -1.339577 1
-0.301020 -0.015399 2
2.432247 0.916904 2
2.888021 0.249060 1
1.746865 0.179141 2
2.495933 0.665421 2
2.709389 -0.044601 1
-0.826039 0.282698 2
-0.520936 -0.425007 2
3.127124 -0.646071 1
1.619515 2.337383 1
-0.476301 0.206313 2
-0.690863 -0.288166 2
2.545694 0.560666 2
2.509777 0.648540 2
3.112188 0.190255 1
2.077077 2.291312 1
1.585104 -1.095208 1
2.278186 2.015637 1
1.101886 -1.209301 1
0.421212 0.470740 1
-0.714406 0.139367 2
0.945587 -0.932018 1
1.069499 -0.968945 1
2.544165 1.485092 2
2.911589 0.965379 2
0.306701 -1.044736 1
2.891879 1.607250 2
2.681829 0.997977 2
0.357604 0.729036 1
1.500762 -0.339233 2
1.381449 -0.270993 2
0.685336 -1.182886 1
2.875943 0.117873 1
0.980375 -0.855786 1
3.372223 0.550703 1
1.160960 1.885648 2
-0.589488 -0.008987 2
2.876140 0.185740 1
1.733423 2.174777 1
2.077610 2.336191 1
1.244151 -0.081374 2
2.566377 1.148435 2
2.888749 0.507095 1
-1.026687 -0.064554 2
0.609891 1.904455 2
2.360983 2.119557 1
2.600758 0.821661 2
0.616224 0.682385 1
-0.856713 0.385001 2
1.295278 -1.412882 1
0.681535 -1.088675 1
1.181072 1.056109 2
1.456494 1.773209 2
1.449370 0.255960 2
3.063095 0.156745 1
0.493093 0.302125 1
1.451964 -0.107846 2
0.917413 1.628826 2
-0.684425 -0.108786 2
0.940117 -0.214744 2
2.211021 1.903971 1
1.151423 0.080852 2
-0.699257 0.113772 2
0.690713 0.449289 1
2.173162 2.012701 1
1.141955 1.693218 2
1.648558 -0.051080 2
0.872723 0.274559 1
0.987236 0.226333 1
0.852363 0.673947 1
1.646726 -0.071815 2
1.440339 0.256897 2
1.829853 0.304530 2
-0.518233 0.096253 2
0.542412 0.462397 1
-0.610693 -0.083565 2
2.987055 -0.171159 1
0.427654 0.464086 1
-0.624291 0.178619 2
-0.240909 -0.396813 2
1.548484 -0.194818 2
0.783479 1.626981 2
2.361642 0.983202 2
-0.179498 0.777018 1
1.159724 1.695731 2
0.101982 0.453796 1
1.816270 1.777837 1
3.281357 0.586887 1
1.100543 -0.253566 2
3.274280 -0.107589 1
1.749845 2.093279 1
2.022143 0.275424 2
1.138158 1.561993 2
1.003952 1.576437 2
3.064965 -0.171629 1
1.075994 -0.990914 1
1.763846 2.180831 1
-0.599180 -0.072440 2
2.003778 1.813417 1
1.009533 1.493721 2
2.949451 0.943543 2
1.359040 0.075307 2
2.248061 2.160896 1
3.160247 0.908466 1
0.389674 0.306195 1
1.440378 -0.311903 2
1.197762 1.801476 2
1.329129 -0.175078 2
1.969952 1.910391 1
-0.257104 -0.406884 2
2.385381 1.075421 2
1.572810 -0.738579 1
-0.357261 -0.221735 2
2.875465 0.568747 1
0.503259 0.693639 1
-0.451644 0.351568 2
0.686429 0.408684 1
1.909506 -0.219834 2
2.087489 1.816095 1
1.473646 -0.297625 2
2.201634 0.860627 2
0.328206 0.621479 1
-0.686028 -0.305465 2
-0.869242 -0.032803 2
0.936221 1.127335 2
0.136002 0.689853 1
2.752207 0.772235 2
2.900442 0.013514 1
2.713008 1.028834 2
-0.207570 0.167172 2
0.439144 -1.099021 1
2.534174 0.592042 2
1.974538 1.792725 1
-0.247351 -0.008211 2
1.071066 1.553974 2
-0.780141 0.118563 2
0.912430 1.624353 2
1.866003 1.966799 1
1.011406 -0.900757 1
1.199397 -1.149220 1
2.499595 0.946008 2
0.377396 0.605859 1
0.238950 0.578938 1
0.988852 -1.065111 1
0.869180 1.308170 2
0.965621 -0.787348 1
0.855197 -0.893350 1
0.306373 0.496748 1
2.966833 -0.158687 1
-0.277968 -0.169373 2
1.063716 1.835128 2
1.365492 1.879623 2
1.047374 -0.833059 1
3.328473 0.475747 1
1.315129 0.228990 2
1.607641 -0.060970 2
1.319115 -1.179202 1
1.538123 1.285212 2
1.391451 -0.920347 1
0.539008 1.155217 2
1.593605 -0.222231 2
3.070014 -0.029342 1
0.943055 -1.076257 1
3.245695 0.383889 1
0.757305 1.637504 2
0.958748 1.496341 2
0.996061 -1.085597 1
1.893069 1.813999 1
1.280665 -1.104340 1
2.102390 1.709056 1
3.240461 0.066446 1
3.072451 -0.068126 1
1.496271 -0.396519 2
2.947004 0.073069 1
0.688741 -0.957684 1
0.670682 1.521397 2
-0.367448 -0.021284 2
1.614850 -0.048682 2
2.591248 1.110636 2
0.346563 0.081409 1
0.647176 0.618635 1
0.639075 0.280181 1
0.479002 -0.850812 1
1.913351 1.936231 1
1.311798 1.679978 2
0.968836 1.437243 2
1.456085 -0.292705 2
-0.116450 0.032866 2
0.565870 0.191320 1
-0.152588 0.288494 2
2.954548 0.249482 1
2.332613 1.564228 1
2.094911 2.153719 1
2.536724 1.094031 2
3.078193 -0.399962 1
2.669424 0.728688 2
0.868463 -1.180703 1
3.001349 -0.504164 1
0.947821 1.278984 2
3.222902 0.475457 1
1.264993 0.165562 2
0.994548 -1.053032 1
2.288840 2.133796 1
0.654478 0.716219 1
0.403781 -0.921001 1
0.125124 0.112949 1
2.865408 0.309888 1
2.620403 1.222859 2
-0.946555 -0.024737 2
-0.288771 -0.107422 2
0.956130 -1.120986 1
-0.942221 0.348856 2
2.178242 2.216166 1
2.302197 0.641683 2
1.153616 1.096314 2
-0.297398 -0.099372 2
2.221509 1.133885 2
1.731534 0.076580 2
2.753884 -0.090636 1
0.591383 -1.038519 1
2.926698 -0.083388 1
2.186897 1.423565 2
0.860921 1.555063 2
1.446846 -0.799642 1
2.047652 2.076036 1
1.428270 0.182920 2
-0.323374 0.368638 2
0.606523 0.478815 1
0.607492 0.206728 1
1.153621 -0.734207 1
2.111628 1.839584 1
0.206552 0.792997 1
-0.429048 0.289321 2
2.493845 0.150721 1
-0.396967 -0.060339 2
1.128272 1.526361 2
1.284819 1.275009 2
2.009907 1.001594 2
3.032386 0.272434 1
0.666986 0.443929 1
1.594254 0.007914 2
-0.594397 0.010819 2
0.892164 1.333968 2
1.515091 1.846653 1
0.974331 -0.124069 2
2.461512 0.990674 2
3.116317 0.018996 1
2.656786 -0.233543 1
1.063724 1.680909 2
0.828068 0.227082 1
1.067965 -0.791684 1
-0.640625 -0.390667 2
2.836200 -0.497290 1
0.744673 -1.187430 1
0.877977 -1.253666 1
-0.166610 0.007322 2
0.962905 -1.406934 1
3.044236 -0.077906 1
-0.466519 -0.133313 2
1.166883 1.263705 2
2.709421 1.148310 2
-1.007013 0.219482 2
2.415114 1.026395 2
-0.326244 0.194586 2
0.942607 -0.200391 2
1.169094 -0.345284 2
-0.666375 -0.241792 2
0.644943 0.949819 1
1.121398 0.859718 2
2.432913 1.138778 2
1.887753 1.631027 1
2.131782 1.798140 1
1.240966 1.609056 2
-1.007357 -0.650103 2
0.772582 0.559240 1
1.093796 -1.105884 1
2.277218 1.086413 2
-0.520341 0.078758 2
0.877677 1.545320 2
1.202710 1.559132 2
1.094029 1.374062 2
1.360955 -0.030482 2
0.306336 0.018967 1
1.781366 0.007366 2
1.249032 0.181543 2
0.494491 0.728571 1
2.036588 2.150356 1
2.173367 1.788248 1
-0.732673 -0.152159 2
-0.453861 0.024065 2
2.854424 0.539122 1
-0.072058 -0.247719 2
0.924921 -1.330712 1
3.224704 -0.161990 1
1.862196 0.176992 2
-0.794869 0.234114 2
2.102702 2.065258 1
2.362125 1.808838 1
3.189567 0.391863 1
3.135881 -0.639238 1
0.634620 -0.137279 1
1.813225 0.043055 2
2.065810 2.027970 1
0.075016 0.740187 1
2.052743 2.120376 1
0.291601 0.878655 1
1.937863 1.371443 1
2.997109 1.109112 2
3.660367 -0.163531 1
1.212808 1.693731 2
0.474538 -0.675815 1
0.586490 0.771863 1
1.910564 0.013557 2
1.833678 2.099575 1
1.457379 -1.007922 1
1.198242 -1.039450 1
-0.341444 0.057227 2
1.228829 1.755707 2
0.348164 0.635379 1
1.106982 0.142166 2
1.617328 2.036098 1
0.994280 -1.154053 1
1.879973 2.081701 1
0.332330 0.608277 1
1.646249 1.918195 1
3.166108 -0.195850 1
0.533701 0.491597 1
-0.315436 0.115728 2
2.974479 0.038816 1
0.268701 0.649733 1
1.706341 0.216680 2
3.032059 -0.123457 1
1.280948 1.551388 2
2.009230 2.148796 1
2.103625 2.202932 1
1.083010 1.339802 2
3.157644 -0.076213 1
0.856823 1.759340 2
1.208095 1.657038 2
2.800639 0.824350 2
1.103040 1.782134 2
2.581735 0.887412 2
2.438902 0.748315 2
1.354856 -0.362384 2
2.152639 2.103567 1
0.265997 0.401027 1
0.597037 0.344463 1
2.919982 -0.343401 1
0.647366 0.447300 1
2.151240 2.189459 1
1.512844 -0.651155 1
0.588380 0.718612 1
1.873823 1.837846 1
3.151510 0.986714 2
1.851003 1.691529 1
0.121784 0.365393 1
0.638420 -1.214268 1
0.557171 0.529517 1
2.794577 0.968720 2
1.630798 -1.508616 1
1.807878 1.803900 1
2.848690 0.193597 1
0.180107 0.975322 1
1.871826 0.904178 2
2.953788 0.808112 1
1.562594 -0.160457 2
2.305906 1.958545 1
-0.540967 0.093962 2
1.514198 0.511649 2
1.358629 -0.878791 1
1.365823 -0.375900 2
2.431094 0.963458 2
0.927489 1.404068 2
0.641090 0.610098 1
1.071261 1.368099 2
-0.519546 -0.112340 2
0.587001 0.574542 1
2.927929 0.133569 1
0.750759 1.537189 2
1.643895 -0.079924 2
0.620548 0.274137 1
1.122034 -1.104161 1
2.025798 0.594935 2
2.887321 -0.136200 1
0.571747 -0.947990 1
1.254751 1.662031 2
2.983794 -0.031038 1
1.015097 1.441566 2
0.970582 1.592886 2
2.202158 2.033741 1
0.989782 -0.139658 2
1.613639 0.437218 2
0.369694 0.351085 1
1.020778 1.264161 2
-0.383874 0.190511 2
1.039619 1.306410 2
0.550189 0.474335 1
0.585374 0.925890 1
2.780365 1.064051 2
-0.168895 -0.068402 2
-0.357966 -0.004138 2
0.353099 0.533817 1
-0.339318 0.012968 2
2.895481 0.913729 2
2.353247 1.984934 1
1.563216 2.063356 1
1.987349 -0.132042 2
3.183200 -0.416424 1
1.072625 1.394044 2
3.428697 0.310052 1
1.855358 -0.008328 2
0.781855 -0.903895 1
3.226401 0.200763 1
1.222319 -0.148198 2
1.392491 0.187154 2
2.298519 1.015742 2
3.045635 1.369869 2
0.565866 1.609514 2
2.851961 0.284110 1
-0.849505 -0.073631 2
0.860470 0.264505 2
1.217016 1.452173 2
2.824197 0.076870 1
3.105432 0.282631 1
3.298248 -0.246908 1
0.824524 -0.870861 1
1.203684 1.687700 2
2.814547 -0.151127 1
2.356070 1.141544 2
0.820974 1.502724 2
1.329772 1.785911 2
3.147914 1.012477 2
0.019152 0.582975 1
3.202693 -0.266199 1
3.348268 -0.176281 1
1.175111 -0.059497 2
-0.784076 0.062446 2
0.943903 1.093532 2
0.768051 1.686154 2
1.018433 1.872247 2
1.576142 -0.304015 2
1.120256 -1.139864 1
2.263791 1.932692 1
2.043941 1.919477 1
3.226840 0.028828 1
1.385952 -0.004514 2
1.845920 1.991848 1
1.114383 1.306442 2
1.636296 0.209264 2
1.740282 2.087509 1
1.164176 1.119097 2
-0.345560 -0.000046 2
0.707483 1.369394 2
2.236568 1.111146 2
1.920779 2.329129 1
1.205983 -1.188351 1
0.983031 -1.050928 1
0.070145 0.623033 1
0.259610 0.504957 1
2.758108 0.074562 1
2.979260 -0.332873 1
1.604617 -0.262762 2
2.052485 1.818390 1
1.292816 -1.071323 1
1.384849 0.019317 2
1.470661 -0.246663 2
2.917051 -0.260680 1
-0.455889 0.238920 2
2.461170 -0.058552 1
0.735061 -1.009180 1
2.781345 1.172149 2
1.147151 -1.002332 1
-0.412643 -0.302114 2
0.800377 -1.243755 1
1.046112 -1.073830 1
0.739694 0.915058 1
2.712045 -0.158544 1
-0.608735 -0.221767 2
0.751255 0.545800 1
0.151841 0.705257 1
2.907609 1.123472 2
0.610423 0.417307 1
-0.620792 0.032087 2
3.307492 -0.402002 1
3.029753 -0.339330 1
-0.275143 -0.011034 2
3.224617 -0.267420 1
1.421612 -0.037653 2
1.425282 -0.100009 2
1.588019 1.728100 1
1.405484 0.415360 2
3.236474 -0.256162 1
0.165136 -0.941696 1
0.968594 1.503510 2
1.913129 1.986050 1
0.231298 0.436933 1
2.207760 1.405721 2
1.751156 1.969180 1
1.190961 -0.911837 1
0.555347 0.105871 1
2.253031 2.150805 1
1.568205 -0.046069 2
3.150632 0.130302 1
1.284146 -0.644378 1
0.479587 0.526291 1
-0.955289 0.098119 2
1.937392 1.936358 1
1.260580 -0.299953 2
2.565888 0.602880 2
0.523933 -1.257599 1
2.010176 2.333521 1
1.168589 1.186119 2
0.690475 -0.961769 1
1.480996 -1.320824 1
2.449994 1.044117 2
2.666496 1.088804 2
-0.649654 0.244318 2
-0.490381 0.084150 2
1.240764 1.492466 2
0.589271 0.562590 1
1.821649 -0.187891 2
2.287130 1.893902 1
0.588293 0.515260 1
3.159503 -0.271358 1
0.765376 1.337420 2
-0.529705 0.216868 2
-0.393187 0.252669 2
1.428111 0.336790 2
2.208852 1.163078 2
2.887772 -0.114799 1
-0.584318 0.309106 2
3.169748 0.655377 1
0.285919 0.530638 1
0.431962 0.147512 1
1.230212 -0.115399 2
0.754302 1.213070 2
0.622801 0.698960 1
2.902741 -0.137960 1
1.816801 1.867924 1
1.553460 0.358386 2
0.954722 1.379829 2
-0.527788 0.001510 2
-0.343760 -0.453334 2
0.426262 0.592269 1
-0.417074 -0.101614 2
2.806030 0.111394 1
-0.629971 -0.282830 2
1.377115 0.006283 2
2.751864 -0.509714 1
0.387760 1.566473 2
2.709579 0.572362 2
0.403186 0.550851 1
1.234787 -0.181900 2
1.927126 -0.116848 2
-0.648258 0.483030 2
0.717540 0.687050 1
1.676044 -0.164387 2
3.686818 -0.278537 1
-0.317427 0.383825 2
0.883697 -0.905864 1
1.020346 -1.133645 1
1.356824 1.773817 2
2.149729 0.853338 2
1.510384 0.150878 2
2.441931 0.912637 2
1.142374 -1.458582 1
2.288575 1.614143 1
3.037404 0.326533 1
0.707742 0.555753 1
0.758348 1.466096 2
3.015008 -0.030915 1
1.654664 0.129499 2
1.503119 -0.170445 2
1.368628 -0.479642 2
1.032499 1.794290 2
1.941425 0.808946 2
2.343225 1.178673 2
2.728979 0.014904 1
1.298311 -0.509825 1
1.043394 1.802259 2
0.647822 0.912117 1
1.814085 1.870126 1
1.883235 -0.121993 2
1.994374 -0.052073 2
1.732935 0.045186 2
1.572836 2.382759 1
0.938722 1.284316 2
1.808699 2.042439 1
2.645873 -0.071095 1
1.638334 1.992663 1
2.506475 0.765954 2
0.688897 1.539285 2
0.663183 -0.760959 1
1.270124 -1.231017 1
1.626288 -0.253359 2
1.443231 -1.404455 1
2.659139 1.470974 2
2.150411 2.244422 1
1.111921 1.900252 2
0.384445 0.643699 1
1.462891 -0.043374 2
1.819297 1.557082 1
0.623907 -1.049180 1
3.040354 0.882843 2
2.173907 -0.278111 2
0.921952 1.131232 2
3.294673 0.289196 1
2.715630 0.358239 1
0.307731 0.764154 1
2.320077 1.930420 1
1.959750 1.953265 1
0.857137 1.353749 2
0.682749 0.516120 1
2.103528 1.677114 1
0.392902 -0.592699 1
0.501698 0.535699 1
1.332697 0.023285 2
0.320572 0.606918 1
-0.364441 -0.208767 2
-0.129798 -0.345785 2
1.136800 1.526601 2
1.712586 0.418184 2
-0.647351 0.534690 2
2.738503 1.099780 2
0.410192 0.344657 1
-0.493222 0.146824 2
1.593518 -0.335306 2
1.326030 -0.225538 2
2.409553 1.171081 2
2.886785 0.923448 2
1.150421 0.053394 2
2.021578 1.752985 1
2.913585 0.301621 1
1.212099 -1.146838 1
0.714405 1.555256 2
1.965835 -0.760793 1
2.960283 0.303729 1
2.425957 0.883940 2
1.846421 1.783362 1
0.831973 1.930721 2
1.369030 0.208549 2
2.595651 0.089161 1
0.411077 0.354800 1
1.194706 -0.853775 1
1.131407 -0.834125 1
-0.739775 0.232972 2
-0.698897 0.105974 2
1.104524 -1.110943 1
2.796982 1.246561 2
2.864556 0.945385 2
1.750051 2.132941 1
3.309920 -0.024654 1
1.371778 1.404358 2
2.253464 2.039665 1
-0.661593 0.179684 2
0.743065 1.343477 2
0.533621 0.740830 1
0.305913 0.754942 1
3.264088 1.190795 2
1.966917 1.739232 1
2.756784 0.815086 2
1.971267 2.417945 1
1.242443 1.807631 2
-0.749909 -0.103028 2
2.032448 -0.184407 2
2.360868 1.309908 2
0.703038 0.409315 1
1.953698 2.408686 1
3.091362 0.428399 1
-0.511503 -0.084020 2
2.082684 2.107384 1
2.407071 1.369300 2
0.721863 1.328189 2
1.295434 -1.006044 1
1.522883 -0.732571 1
0.367059 0.567801 1
-0.507922 -0.290530 2
1.725485 2.052170 1
1.257823 1.611025 2
0.513852 -1.084545 1
3.094706 0.798811 2
0.981399 1.585648 2
1.496069 0.282776 2
2.207758 2.124291 1
2.783934 1.079124 2
2.721058 -0.543719 1
1.007161 -0.143421 1
-0.530883 -0.059124 2
0.604383 0.690725 1
1.061334 1.512756 2
1.437695 -0.180088 2
2.095214 2.218633 1
-0.469882 0.634735 2
1.752688 0.197205 2
0.676808 0.507136 1
2.057801 1.073621 2
0.016976 0.239335 2
0.290782 0.572780 1
2.307745 0.844609 2
-0.250476 -0.093256 2
2.182422 2.197007 1
2.445258 1.002773 2
3.077404 0.750929 2
1.340038 -1.052084 1
1.830397 2.300629 1
0.367659 0.281753 1
1.096076 1.597514 2
1.317430 -0.211061 2
2.273637 1.923434 1
0.418910 0.465021 1
2.973489 0.136294 1
-0.551302 -0.044507 2
3.128159 -0.221376 1
-0.427627 0.258584 2
2.423993 1.073941 2
0.904755 0.327475 1
0.431071 0.425048 1
-0.836881 0.065657 2
1.705873 -1.370038 1
2.205555 0.822338 2
2.056895 0.181919 2
0.065545 0.314852 2
0.149564 -0.022382 1
2.712833 0.957400 2
0.992693 -0.323375 1
1.454019 1.614401 2
-0.324944 -0.195028 2
2.596675 1.206297 2
3.272368 -0.178313 1
2.579480 2.252356 1
2.671005 1.177074 2
0.474046 0.480117 1
-0.647396 0.223942 2
1.026293 -0.997899 1
-0.199769 -0.154460 2
2.334808 0.869067 2
1.638981 2.173829 1
2.896050 -0.204072 1
1.074542 -0.646940 1
2.689690 0.981137 2
1.744925 2.183996 1
2.411094 0.903052 2
2.069102 2.031217 1
1.522453 0.068008 2
1.527013 0.389754 2
3.190672 0.373224 1
0.447444 0.549711 1
0.939194 -0.982189 1
3.224569 0.275467 1
1.002426 1.475086 2
0.695525 1.613764 2
1.817963 -0.178151 2
1.903939 1.695185 1
0.236124 0.253113 1
3.211134 0.110080 1
-0.629963 0.114565 2
-0.424789 -0.235771 2
2.967050 0.352092 1
-0.129949 -0.123649 2
0.738518 0.639136 1
1.929432 2.126111 1
2.886046 0.083480 1
2.888083 0.274514 1
1.377590 0.026877 2
1.494588 0.033440 2
2.114753 2.195190 1
0.474086 0.573055 1
0.904384 -0.972539 1
0.898212 1.318900 2
2.917617 -0.819717 1
2.247177 0.617449 2
1.880533 1.009901 2
2.565721 0.020006 1
2.886026 0.392741 1
-0.430394 0.200429 2
1.192113 1.393621 2
0.449963 0.702291 1
1.285575 1.737082 2
1.484703 2.044028 1
2.080292 1.760348 1
2.687366 0.716939 2
0.201545 0.723313 1
2.325636 0.700100 2
1.378308 1.170681 2
1.714240 1.335901 1
2.529094 1.282676 2
1.235917 -0.916902 1
0.609761 0.365624 1
2.936900 -0.583304 1
2.586609 1.068129 2
1.556513 0.128209 2
-0.092584 -0.181255 2
1.415289 -0.253841 2
1.610857 -0.130001 2
1.285319 -0.457283 2
1.101219 1.254232 2
1.923361 1.877419 1
2.626638 -0.792722 1
1.923584 2.337913 1
1.115251 1.195417 2
1.366403 -0.931989 1
0.499954 0.250172 1
1.594892 0.267754 2
2.092843 1.064467 2
2.792898 0.946300 2
2.781607 0.916495 2
0.793151 0.848226 1
1.090209 1.623837 2
2.064024 1.694834 1
0.703652 1.622010 2
1.868145 1.769516 1
-0.590997 -0.176110 2
1.672059 -0.196869 2
2.583274 1.428039 2
2.732410 0.730996 2
0.372818 0.538591 1
1.676145 2.348309 1
-1.040218 0.104600 2
2.816559 0.796367 2
0.836138 -0.895669 1
2.508253 1.154405 2
0.827400 -0.640579 1
1.124880 1.273080 2
0.934310 -0.755041 1
2.210250 2.242424 1
3.049088 0.508473 1
1.254904 1.551861 2
2.166454 1.886108 1
0.523616 0.401095 1
0.827829 -1.036511 1
3.101032 1.107053 2
2.862383 1.014204 2
2.939823 1.118738 2
2.195431 2.177038 1
0.417452 0.390560 1
2.646439 0.300403 1
2.672967 0.198060 1
1.834137 0.211527 2
3.319700 -0.235283 1
0.907142 -1.173995 1
1.249322 1.553174 2
2.288745 1.135320 2
2.745223 -0.126728 1
3.176662 -0.437587 1
2.576761 0.873011 2
0.677361 -0.810150 1
1.370071 -0.518859 2
-0.933699 0.133906 2
2.211653 2.060715 1
0.647760 0.773081 1
3.177915 -0.203435 1
1.754171 2.110574 1
1.006375 1.416440 2
3.145603 0.335268 1
2.632418 0.861110 2
2.484897 1.901502 1
-0.499745 -0.100195 2
-0.557349 0.015096 2
2.783628 -0.017862 1
1.373179 -0.410839 2
2.021158 1.603560 1
1.608401 0.134390 2
1.209592 1.658724 2
2.088240 0.701040 2
0.728975 0.726428 1
0.499649 0.711407 1
-0.810479 -0.017145 2
1.037661 0.812539 1
-0.420322 0.210188 2
-0.636949 0.200774 2
0.601352 0.214830 2
0.667836 1.343305 2
0.584387 0.771455 1
1.598325 0.147250 2
1.251023 -0.529609 2
0.920175 -0.908118 1
2.209512 0.759182 2
0.632405 0.263910 1
1.921117 -0.080102 2
-0.474584 -0.107659 2
2.114110 2.408205 1
2.837854 0.679762 2
-0.319312 0.255575 2
0.956483 -0.946348 1
0.917777 -1.199794 1
0.816063 -1.266494 1
1.796983 2.336834 1
2.665331 1.008808 2
0.458497 0.722010 1
2.123043 2.068708 1
1.480792 1.300173 2
2.818916 -0.291078 1
1.701186 -0.035498 2
2.745326 1.464955 2
-0.317093 -0.117329 2
2.192580 2.140316 1
2.167849 1.785287 1
0.466361 -0.226285 1
0.920170 -0.255976 2
1.454657 -0.042016 2
1.677777 -0.048372 2
0.284167 -0.097987 1
2.856861 -0.043860 1
0.983483 1.568628 2
1.999267 1.946482 1
3.321860 -0.038995 1
0.557220 -0.893464 1
3.065749 0.179207 1
1.094350 -1.016694 1
1.551453 -0.066648 2
1.471004 0.545027 2
-0.595925 0.292078 2
1.914086 1.773441 1
0.808694 1.911180 2
1.227666 0.000240 2
0.857619 1.419073 2
0.943304 1.826600 2
0.867725 0.945551 1
2.857838 0.982300 2
-0.536115 0.025108 2
1.700113 1.959465 1
1.926074 1.532498 1
2.067727 1.826502 1
-0.682968 -0.401940 2
2.314942 0.859413 2
2.912456 0.917252 2
1.907643 0.153661 2
-0.516209 0.165703 2
0.843147 1.490208 2
-0.508377 0.186101 2
3.220062 -0.169848 1
0.851652 -0.677085 1
1.380052 0.051783 2
3.093569 0.276594 1
-0.537836 0.297140 2
0.701597 -0.943104 1
1.291213 1.189472 2
2.392242 0.985174 2
2.131711 2.078687 1
1.118776 1.670785 2
3.180621 1.207249 2
0.775552 0.691156 1
2.749326 1.235072 2
2.749056 0.929383 2
2.908802 1.376178 2
-0.351527 0.187460 2
1.871549 2.187655 1
1.095660 -0.155877 2
2.089654 1.552762 1
0.324748 0.609720 1
2.004719 1.781847 1
-0.689016 0.021608 2
0.890355 -0.982214 1
-0.192564 -0.021272 2
1.632103 2.352596 1
2.076850 2.436712 1
0.786752 -0.881870 1
-0.707347 0.282973 2
0.978093 1.294568 2
0.831422 -0.856299 1
0.577740 0.788900 1
2.011054 1.862520 1
1.052707 1.608118 2
2.271093 2.064565 1
1.748955 -0.034050 2
-0.767577 0.202580 2
0.791751 -1.066178 1
0.487306 0.680807 1
2.049356 1.150732 2
2.978904 0.329667 1
1.330744 -0.066585 2
0.995711 1.254292 2
0.618662 1.636297 2
3.087651 -0.150601 1
1.264655 -0.890718 1
0.548121 0.782195 1
0.771627 -1.162078 1
3.417509 -0.732799 1
1.773938 -0.103081 2
0.517171 0.338824 1
0.335953 0.474086 1
3.177708 -0.102603 1
0.555498 -1.125581 1
2.173093 1.632409 1
0.724032 1.517607 2
3.165567 -0.140392 1
0.456934 -0.671200 1
2.424035 0.955512 2
2.740580 1.088602 2
0.892573 -0.729413 1
2.173904 1.892488 1
2.111776 1.684333 1
3.050987 -0.301865 1
1.187838 -1.074428 1
3.079215 -0.240016 1
1.621699 0.025680 2
1.155651 1.394381 2
2.599015 0.979724 2
0.820413 -0.736546 1
0.323724 0.689792 1
-0.961428 -0.070452 2
1.754228 -0.457367 2
3.317095 0.615422 1
-0.352228 0.323671 2
2.040498 2.265862 1
2.548602 0.586087 2
2.956876 0.642529 1
1.832071 2.283085 1
1.489713 0.077720 2
1.239834 -1.143733 1
1.196573 -0.507808 2
0.801720 1.551917 2
3.156756 0.254894 1
2.122437 2.303266 1
1.967273 0.866005 2
0.913468 -1.133814 1
1.729981 0.252669 2
0.233165 0.332668 1
-0.576179 0.067282 2
1.374181 -1.312870 1
1.143153 1.589465 2
2.855163 0.337948 1
0.980752 1.316925 2
1.019518 1.557524 2
2.071865 1.709268 1
3.114834 0.871993 2
1.080365 1.170410 2
0.938090 1.923588 2
-0.395381 0.109899 2
2.082264 1.917435 1
0.810469 0.102804 1
1.207720 -1.085721 1
1.915726 2.295727 1
0.665259 -0.963254 1
2.170392 1.720249 1
0.830914 -0.755140 1
2.633910 1.025614 2
2.369180 2.021124 1
1.008115 1.748540 2
3.220221 -0.331631 1
-0.348763 -0.559662 2
-0.458445 0.142733 2
0.502945 -1.079998 1
1.207452 -1.321189 1
2.553697 1.174964 2
1.017032 -1.103270 1
2.365510 1.389827 2
2.511135 0.927107 2
2.396340 1.983613 1
-0.308975 0.281258 2
1.822462 1.986120 1
0.875677 1.155461 2
1.858866 1.031183 2
2.113011 2.040747 1
0.252508 0.628687 1
1.497602 0.159693 2
1.228769 -0.889547 1
0.416355 0.301571 1
3.196504 -0.187164 1
3.081702 0.353102 1
2.449036 0.843516 2
1.211270 1.326249 2
2.877024 0.171367 1
0.764089 0.322369 2
1.223217 -0.379285 2
3.015395 0.203583 1
0.790104 0.157708 1
0.784208 0.456710 1
1.067743 -0.826648 1
1.805145 1.740019 1
2.189890 0.839528 2
2.365320 1.126348 2
-0.781524 -0.327796 2
-0.518265 -0.255893 2
1.751726 -1.550378 1
-1.009631 -0.129195 2
-0.653640 0.281687 2
2.770678 0.627601 2
0.649123 1.465618 2
0.552820 -0.307624 1
0.652941 0.457937 1
2.659195 -0.127175 1
1.357906 2.103926 1
1.583886 -0.421345 2
0.657735 1.616658 2
0.806804 1.565910 2
1.015114 0.249516 1
0.647020 -0.931157 1
0.911752 0.256289 2
1.502890 -1.390886 1
1.798473 2.160050 1
1.002845 1.564409 2
0.441870 0.600920 1
0.010765 0.247189 2
0.758651 -1.053576 1
2.732049 0.539278 2
2.466161 0.728218 2
2.694650 0.828389 2
1.261575 1.450739 2
2.790494 0.106083 1
-0.322986 -0.313949 2
0.830079 -0.880636 1
-0.248524 0.417470 2
2.863918 -0.082263 1
0.536460 -0.877129 1
0.901854 -1.247762 1
2.890603 -0.057166 1
-0.691619 0.022524 2
0.336715 0.582860 1
3.030445 0.025637 1
1.093553 1.472691 2
2.919722 -0.117023 1
1.046215 1.415366 2
0.784619 1.287391 2
0.321915 0.447328 1
1.215437 -0.128568 2
2.128468 0.811216 2
1.106431 -0.832991 1
1.072069 -0.551709 1
2.919324 1.109031 2
3.067738 0.174643 1
0.802520 0.804754 1
1.490427 -1.058442 1
2.274332 1.985539 1
2.301902 0.838668 2
2.322923 0.643624 2
0.488138 1.719648 2
2.874058 0.169772 1
-0.522377 0.156877 2
0.999199 1.721792 2
0.600373 0.575556 1
0.247930 0.522015 1
1.992363 2.029331 1
-0.454940 -0.264763 2
2.535807 -0.360900 1
2.794355 -0.038585 1
0.969847 -1.305519 1
2.949742 -0.098698 1
3.073742 0.239502 1
2.791117 0.025525 1
0.640095 0.922569 1
1.387755 -0.943868 1
1.108434 1.383475 2
1.556829 0.190657 2
1.866359 1.899421 1
3.065220 0.302652 1
0.588181 -1.011877 1
0.683888 0.431722 1
-0.507636 -0.038943 2
2.928416 0.339076 1
0.993082 -1.001159 1
1.781417 0.013244 2
3.175378 0.131074 1
2.359494 0.816170 2
1.250376 -1.239953 1
2.646127 0.828865 2
2.354487 1.828937 1
3.029396 0.122961 1
1.513701 1.881906 2
2.760509 0.948355 2
3.327209 -0.329780 1
0.619940 0.786976 1
-0.667757 -0.312133 2
-0.571537 -0.057943 2
0.594197 0.423099 1
-0.810912 0.390282 2
1.533487 -0.833756 1
0.944816 -1.341861 1
2.672753 -0.035157 1
0.877672 1.854911 2
1.246278 -0.276566 2
1.376924 -1.423383 1
1.302002 -0.717263 1
-0.463647 -0.309952 2
0.678637 -1.374613 1
2.836919 1.178692 2
1.994875 0.212828 2
0.812354 -0.918107 1
0.485960 0.058528 1
1.778103 0.126833 2
1.781074 2.056414 1
2.553338 0.178551 1
0.840249 1.178114 2
0.699953 0.349894 1
1.081299 -0.096594 2
0.874210 -0.730655 1
1.626778 0.074934 2
0.062537 0.465149 1
2.204886 2.240376 1
1.408670 1.548206 2
1.050714 1.599875 2
2.688616 -0.072881 1
1.105131 1.330145 2
1.668898 0.087513 2
-0.184415 0.186358 2
2.748126 1.063062 2
2.254319 2.105609 1
3.050891 1.300781 2
-0.461930 0.020646 2
1.402764 0.225026 2
2.131397 2.083356 1
0.750692 0.508217 1
1.602475 2.243230 1
1.436161 -0.669122 1
2.220184 1.041039 2
2.278823 1.182490 2
-0.289420 -0.185057 2
2.671031 0.296536 1
0.943602 -1.028922 1
0.498387 0.926554 1
1.917669 2.268981 1
0.587846 0.585988 1
0.786559 1.851640 2
2.919252 0.755334 2
0.751532 0.295433 1
2.979225 -0.602239 1
2.110886 1.280173 2
1.386535 0.618936 2
2.698915 1.343072 2
1.221261 -0.345133 2
2.948695 1.215911 2
0.699316 1.742859 2
0.951040 1.953893 2
1.248870 0.011061 2
1.165533 1.449878 2
2.041999 1.686491 1
1.874691 -0.000655 2
2.976363 1.134373 1
2.459410 1.221057 2
1.719401 2.202256 1
3.111403 0.146823 1
2.633582 0.894788 2
0.950278 -0.821822 1
2.109055 1.818342 1
1.648391 2.298194 1
1.068801 -0.831878 1
1.915719 0.108557 2
2.060569 0.966574 2
2.636951 1.105909 2
2.505076 -0.141757 1
0.438164 0.309581 1
1.345004 -0.824225 1
2.665426 1.394544 2
0.637504 0.388914 1
1.464166 0.309830 2
3.030727 -0.691867 1
0.482436 0.395739 1
1.066408 -1.046464 1
-0.647356 -0.356748 2
2.201773 0.915977 2
1.700409 -0.111927 2
-0.237448 -0.116869 2
1.487025 1.889607 1
0.798551 1.555818 2
0.627521 0.438445 1
3.277449 0.326670 1
0.142834 0.361108 1
1.027923 1.240562 2
3.211839 -0.632380 1
-0.740194 -0.168528 2
0.697844 1.787176 2
1.437656 -0.082626 2
0.383127 -0.630853 1
0.334780 0.754823 1
-0.684325 0.160394 2
1.492603 -0.081880 2
0.612319 1.754847 2
1.846598 1.687096 1
0.341275 0.665414 1
2.777843 1.025059 2
2.916284 0.084609 1
3.078305 1.086052 2
-0.133544 0.007498 2
0.494029 0.084580 1
0.423601 0.162743 1
1.757007 -0.076192 2
2.975256 0.178384 1
-0.660620 -0.165150 2
2.106067 1.905185 1
1.981644 2.101441 1
1.270074 0.202613 2
1.796774 -0.155976 2
1.672296 -1.334479 1
0.995284 -0.860963 1
1.256775 -1.401282 1
2.659546 0.840761 2
-0.627818 -0.019485 2
1.300320 0.102298 2
0.271900 0.411616 1
1.334063 -0.891780 1
2.578377 0.861965 2
1.498079 -1.174775 1
0.640474 0.116222 1
2.343271 2.148322 1
-0.829610 -0.019803 2
1.403044 -0.962547 1
0.890522 -1.283659 1
0.434112 0.549102 1
1.407002 -0.878270 1
1.907280 1.777946 1
0.796175 0.473951 1
1.120919 1.248037 2
-0.541131 -0.107460 2
2.020267 0.172484 2
2.483636 -0.022669 1
1.597656 -0.452774 2
2.467646 1.413414 2
2.095969 -0.198061 2
2.137513 2.029410 1
0.537807 0.300914 1
1.257923 1.315916 2
-0.428038 0.059407 2
0.679321 0.823781 1
1.961873 1.336023 2
2.688851 0.043136 1
1.453750 1.492741 2
-0.671805 0.297128 2
1.880166 -0.022584 2
-0.700364 0.036706 2
0.994632 1.819690 2
2.392199 1.703427 1
0.912926 1.288408 2
0.720693 -1.244860 1
2.583870 1.153911 2
2.339895 2.140486 1
1.567534 1.352236 2
-0.947777 -0.046712 2
-0.303485 0.075051 2
2.788714 0.132542 1
-0.506585 0.020489 2
-0.708770 -0.241866 2
-0.567735 0.183387 2
2.275981 2.333036 1
0.085745 0.562825 1
2.050660 2.009635 1
2.877481 -0.269993 1
1.809808 1.730678 1
1.103103 -0.867653 1
0.303580 0.490547 1
1.182767 1.655250 2
1.190777 1.336082 2
3.251238 1.111878 2
1.040722 -0.974587 1
2.095883 2.358414 1
2.698503 1.024429 2
2.501123 2.111020 1
0.663602 0.730292 1
2.473833 1.006786 2
1.098445 1.575181 2
1.250981 -1.096991 1
1.856543 2.072117 1
3.082363 0.212387 1
2.257947 1.366093 2
0.274668 -1.229860 1
2.217980 1.793147 1
0.307312 0.187728 1
1.184536 -0.660265 1
2.286549 1.784168 1
1.145295 0.091077 2
0.535591 1.521532 2
0.930731 1.267315 2
0.897920 0.703061 1
0.640316 -0.572055 1
2.925375 0.144434 1
1.827714 0.150056 2
1.229935 -0.927746 1
2.218267 2.386849 1
1.704196 0.013376 2
1.003962 -0.710687 1
2.299475 1.876444 1
2.492020 0.742921 2
2.923989 0.338211 1
1.440023 -0.824653 1
1.651974 -0.287541 2
2.950127 -0.110674 1
0.588622 0.252801 1
1.437896 -1.327271 1
3.159073 -0.033191 1
0.100987 0.755665 1
1.674105 -0.219914 2
2.118492 1.814223 1
1.900708 0.778054 2
2.661092 0.945616 2
2.060601 0.060879 2
2.372417 1.150213 2
2.982216 0.433393 1
0.342240 -0.588834 1
-0.377796 -0.035604 2
0.547343 0.746132 1
0.524089 0.530278 1
2.819154 0.006943 1
2.567586 2.041275 1
1.608813 -0.121290 2
1.773649 2.243313 1
1.364457 -0.879504 1
0.301192 0.550453 1
1.385537 -0.190767 2
1.020712 1.330610 2
1.174037 0.272688 2
0.041921 0.626335 1
0.930476 1.490001 2
-0.573117 -0.169297 2
1.908448 -0.014487 2
0.770995 0.133929 1
1.022523 1.459415 2
0.391119 0.881900 1
0.850000 1.704715 2
1.305166 1.833014 2
2.916432 -0.450499 1
1.598620 0.064913 2
2.101875 0.047603 2
1.821970 0.836945 2
3.215744 0.204611 1
1.729676 -0.589309 1
-0.374870 0.118618 2
-0.523643 -0.157042 2
1.520283 -0.048265 2
0.383043 0.183774 1
2.783159 0.262466 1
2.188040 2.282815 1
3.145808 -0.048929 1
2.122681 2.283398 1
0.898424 1.476914 2
0.633818 -0.785712 1
1.822056 -0.015743 2
1.444842 1.604295 2
2.357933 0.722248 2
2.090253 1.113737 2
0.791310 1.406625 2
1.301889 0.283087 2
3.169103 -0.334885 1
1.332188 0.115328 2
0.440266 0.558969 1
2.666603 1.026675 2
1.140378 1.521164 2
-0.239110 0.001820 2
1.405933 -0.163661 2
1.485216 -0.127877 2
1.267403 1.456318 2
1.647775 2.081896 1
1.720577 0.050098 2
0.767025 0.412622 1
3.064506 0.278686 1
1.331901 -0.190490 2
2.666174 1.288475 2
2.785413 0.069244 1
0.317342 0.363901 1
2.629827 0.943878 2
1.438827 -0.074215 2
1.983643 2.309736 1
0.830071 1.644853 2
0.570016 0.209558 1
0.985877 1.886135 2
1.049274 1.181733 2
-0.136090 0.261814 2
0.546010 0.391608 1
1.497254 -1.191797 1
1.653689 2.029800 1
1.454220 1.841789 1
2.654204 0.295668 1
2.258789 2.217033 1
0.958297 -0.978544 1
2.003539 1.964316 1
2.187720 0.803897 2
1.971127 2.012765 1
3.262263 -0.344280 1
3.436999 -0.173454 1
1.283883 1.829645 2
0.208344 -0.998061 1
-0.353523 -0.190841 2
2.911593 1.203488 2
3.022560 0.138566 1
1.258152 -0.063544 2
1.720490 0.309928 2
0.264229 0.329856 1
1.030816 1.444355 2
1.960395 2.351653 1
0.855753 1.591224 2
3.169195 -0.310772 1
0.500921 0.285319 1
2.729082 1.034007 2
0.933528 0.448142 1
0.737827 1.736903 2
0.877273 -0.812277 1
0.258523 0.557336 1
2.578568 0.872981 2
1.293039 0.213393 2
1.045022 1.621352 2
0.835716 -0.793085 1
1.903096 0.828727 2
0.789794 1.625126 2
3.430290 -0.890653 1
2.075843 2.002308 1
1.965299 0.048510 2
2.195554 2.014424 1
0.122372 0.402599 1
0.665786 -0.656575 1
0.964268 1.456277 2
2.834044 -0.203638 1
1.178462 -0.336311 2
0.719318 0.527944 1
-0.433095 0.401315 2
2.702903 -0.903861 1
0.404871 0.507645 1
-0.780520 -0.364779 2
1.085323 -0.846024 1
1.640392 1.114509 2
2.951962 1.035975 2
3.014348 -0.102282 1
2.218759 2.177587 1
1.337467 -1.346849 1
2.175353 1.898086 1
-0.626144 -0.209856 2
2.201316 1.797009 1
1.207458 -1.013245 1
1.184443 1.573026 2
-0.323198 0.208867 2
1.993701 2.109876 1
0.478959 -1.124043 1
2.781401 1.103644 2
-0.156599 -0.119415 2
1.837446 2.028126 1
1.830977 1.716404 1
-0.438353 0.290716 2
-0.191037 0.081800 2
2.258470 1.416198 2
0.783394 0.741707 1
1.519483 0.072628 2
1.218908 -0.986288 1
3.055329 1.015874 2
0.976988 -0.868962 1
0.684625 -0.843829 1
0.635945 0.457575 1
-0.554067 -0.206752 2
3.013255 0.002023 1
0.834577 1.812020 2
0.762327 1.106253 2
1.274191 0.412762 2
3.330746 0.239631 1
2.869229 0.005694 1
2.368224 1.027528 2
2.635172 -0.360018 1
1.020477 1.622155 2
1.959771 0.157402 2
2.230473 1.711324 1
0.878564 1.858008 2
1.028151 1.624476 2
1.292426 1.260862 2
0.619793 1.457232 2
0.459197 1.365720 2
1.110032 1.390841 2
0.969376 -1.227755 1
0.417574 0.168757 1
0.900550 0.212362 1
0.509250 0.452361 1
3.064210 -0.128126 1
0.504111 0.598982 1
-0.057341 -0.497901 2
2.941825 -0.252983 1
1.226051 0.031739 2
-0.291793 -0.073510 2
-0.434096 0.130105 2
0.948457 -0.847772 1
1.504087 -0.987021 1
3.046365 0.849231 2
2.112066 1.153708 2
2.872590 0.397793 1
0.547943 0.443023 1
1.694513 1.879844 1
1.430416 -0.011946 2
0.735326 0.758751 1
1.030282 1.432252 2
1.803803 1.897655 1
1.453203 0.190537 2
1.452523 1.446201 2
2.346675 1.075599 2
0.822724 -0.892971 1
0.881759 -1.009788 1
1.878953 2.075403 1
1.345448 0.010240 2
0.961768 -1.018736 1
1.307957 0.209100 2
2.689792 -0.303744 1
1.316181 1.918012 2
1.171852 -1.549565 1
0.897507 -0.768505 1
0.992092 -1.194467 1
0.904852 1.938480 2
0.382493 0.752837 1
0.713051 1.519841 2
0.487338 0.631355 1
3.311780 -0.068404 1
1.646653 -0.045666 2
2.255218 0.665851 2
0.290452 0.406520 1
1.120025 0.949569 2
-0.706640 -0.013830 2
2.744830 0.801648 2
-0.241936 0.451057 2
1.321726 2.185328 2
-0.245122 0.105466 2
0.667862 0.595009 1
1.694147 1.869439 1
2.201426 1.841334 1
2.452044 1.479236 2
2.282809 0.861993 2
1.868686 0.266743 2
0.696592 1.617286 2
3.049715 0.089456 1
2.604693 -0.176351 1
2.021412 -0.082929 2
1.056732 1.278270 2
1.530874 -0.160371 2
2.458060 0.930118 2
3.059293 -0.025268 1
0.873855 1.541389 2
2.037998 2.197501 1
0.359676 0.586820 1
1.443655 -0.077596 2
1.746990 0.172730 2
0.870269 1.561028 2
1.017894 -0.757494 1
0.833893 0.190831 1
2.500580 1.041929 2
0.856644 0.332948 1
-0.600235 -0.258227 2
1.100874 0.101337 2
0.731904 0.547330 1
1.093926 -1.101716 1
2.865334 0.682181 2
0.376020 0.903482 1
3.182898 0.002856 1
0.640936 0.690966 1
1.222350 -0.168774 2
2.630755 0.266556 1
1.488098 -0.086515 2
0.966863 1.359583 2
0.307706 0.560795 1
1.284213 -1.379219 1
2.904960 -0.172688 1
1.238863 -1.006998 1
0.463592 0.415917 1
-0.331653 -0.145365 2
1.221859 2.110922 2
3.116590 -0.501540 1
3.284990 0.180916 1
1.100895 -0.610444 1
1.712681 -0.303836 2
0.602924 -1.158135 1
1.942828 1.936098 1
-0.228083 0.238803 2
1.242607 -0.083630 2
2.008880 2.274386 1
1.081937 1.224723 2
1.257533 1.472423 2
-0.706755 0.223529 2
0.910359 1.538859 2
1.974734 1.843819 1
0.131754 0.640798 1
0.482530 -1.705723 1
-0.186097 -0.022224 2
3.211035 1.197856 2
2.523520 -0.239462 1
1.742052 0.094163 2
1.454532 -0.230375 2
1.000063 1.332467 2
0.454074 0.875916 1
-0.518061 0.151335 2
2.934175 0.083968 1
-0.093787 -0.266560 2
0.780808 1.127565 2
1.475725 0.170225 2
2.541835 0.894692 2
0.847083 1.705156 2
0.193185 -0.843061 1
1.547733 -0.089302 2
2.037154 1.971711 1
2.674731 -0.246522 1
0.124019 0.758478 1
1.091023 1.522909 2
2.089971 1.191122 2
1.331513 -0.083049 2
3.137463 -0.180242 1
2.077885 1.664671 1
-0.485750 -0.096628 2
2.086560 1.768067 1
3.384343 -0.440349 1
2.061325 1.998131 1
-0.726332 -0.354944 2
1.348017 0.082566 2
1.114453 1.697854 2
2.394666 1.262126 2
2.470191 1.320022 2
-0.446018 0.134395 2
1.431934 0.252375 2
-0.636176 0.333704 2
1.796288 0.202521 2
3.410108 0.321840 1
1.069961 1.490706 2
1.520067 0.311292 2
1.812251 -0.060604 2
1.614345 0.387688 2
1.159459 -0.285486 2
0.474854 0.453250 1
1.066206 0.153182 2
0.231463 0.584204 1
1.882404 1.052167 2
1.216699 -0.886022 1
1.692974 2.098145 1
1.697508 -0.392943 2
2.356629 1.292228 2
1.094102 1.335584 2
2.353883 0.805856 2
0.788322 0.602920 1
2.288385 1.571764 1
2.983910 -0.282394 1
-0.517687 -0.377727 2
1.067881 1.434915 2
3.094140 0.277164 1
0.808416 -0.663816 1
2.365044 0.698270 2
0.139086 0.453421 1
0.972897 -1.078382 1
1.308149 1.519866 2
3.167563 0.299412 1
1.329950 0.142358 2
3.083157 -0.610148 1
2.618345 0.997405 2
0.106632 -1.186821 1
2.550366 1.095289 2
0.446306 0.358808 1
1.911581 1.986868 1
0.645797 1.468213 2
0.918183 -1.133661 1
0.518574 -0.398480 1
1.834731 1.637498 1
3.044287 0.142467 1
2.135854 2.374792 1
2.530418 0.929168 2
2.110200 1.405221 1
1.521882 0.161521 2
0.743682 0.297924 1
-0.423575 0.088099 2
2.993712 0.455009 1
1.109798 -0.855905 1
3.296546 -0.039705 1
2.027701 1.741681 1
2.959134 -0.148523 1
-0.094451 0.206070 2
1.662704 0.473075 2
1.206547 1.154900 2
0.477779 0.324204 1
1.224501 -0.061704 2
3.042826 0.079538 1
2.126361 2.177063 1
1.765587 -0.288105 2
2.064306 1.997263 1
0.841557 0.557221 1
0.788841 1.417457 2
1.525340 -0.249870 2
2.400121 1.048270 2
3.116139 -0.018835 1
0.981211 1.537057 2
2.448845 0.843164 2
0.906881 -0.879613 1
0.900199 -1.086661 1
0.939145 1.404347 2
1.304220 -0.215400 2
2.093603 0.740815 2
2.124812 2.110840 1
1.926936 1.711759 1
0.685077 1.568401 2
2.857960 0.267912 1
2.144371 0.935660 2
0.388395 0.354441 1
0.948841 1.276097 2
1.878515 2.352036 1
-0.628757 0.109078 2
1.740898 -0.140814 2
-0.558776 0.129132 2
-0.343880 0.242904 2
0.307303 0.598339 1
0.666495 0.593372 1
0.163986 0.443675 1
0.201178 -0.143767 2
0.428502 0.573176 1
0.804592 -1.198010 1
2.982771 -0.089212 1
2.446692 0.859873 2
1.429414 -0.764668 1
2.614659 -0.131564 1
1.656538 2.160589 1
2.952265 0.539578 1
1.355095 -0.174807 2
2.481348 0.797118 2
1.759280 2.195637 1
2.156223 1.669069 1
1.123433 -0.920532 1
-0.464580 0.556653 2
2.454372 1.218962 2
2.391313 0.974049 2
0.500713 -1.152757 1
2.867888 -0.189870 1
-0.337029 -0.113615 2
0.610475 1.188910 2
-0.509223 0.491832 2
-0.841883 0.152290 2
0.364266 0.560040 1
3.473499 0.011269 1
0.624502 0.855439 1
0.881691 -0.800551 1
0.263938 -0.012894 1
2.767857 0.199075 1
0.659689 0.633781 1
2.459708 1.030869 2
0.447954 -1.044260 1
0.318037 0.165072 1
1.860891 2.054356 1
1.508886 0.081428 2
1.542605 0.141059 2
-0.320219 0.014520 2
0.060219 0.451953 1
1.420664 0.288145 2
2.327873 1.079616 2
1.522489 -0.152619 2
2.464375 0.797554 2
1.909195 0.804633 2
1.665997 2.247157 1
0.505148 -1.713211 1
1.382173 -1.100078 1
3.031947 -0.356667 1
3.133107 0.225499 1
-0.422741 -0.513437 2
0.085591 1.118443 1
2.019817 -0.218719 2
-0.442144 -0.033113 2
1.747748 -0.198834 2
0.963971 1.538492 2
2.776549 -0.306534 1
1.122112 -1.088994 1
2.470388 1.712643 1
0.469773 0.559110 1
1.208934 1.528379 2
-0.611558 -0.295272 2
3.017808 -0.357294 1
3.061760 -0.162968 1
1.496649 -0.152311 2
-0.167934 -0.073016 2
0.684417 1.265714 2
2.913387 -0.346771 1
-0.083296 0.512534 2
1.446496 0.160444 2
2.892529 1.075324 2
1.958131 1.868358 1
0.408507 -1.288954 1
1.218433 -0.964296 1
2.353987 0.744922 2
0.374086 0.170378 1
1.048928 1.493786 2
0.807748 0.543236 1
2.903291 0.393652 1
3.254426 -0.102589 1
1.524840 2.167823 1
1.028880 -0.702714 1
1.770795 1.936203 1
3.008289 -0.563485 1
2.167940 -0.143029 2
1.025015 1.668278 2
0.760921 1.535216 2
0.877301 1.284920 2
1.845967 -0.402385 2
0.965547 -0.805139 1
0.411832 0.447420 1
0.502768 0.387377 1
2.446968 0.886808 2
1.226376 0.284227 2
-0.303690 0.228318 2
1.072158 1.475037 2
0.906797 1.339742 2
0.449787 1.368347 2
2.827370 0.158155 1
-0.540178 0.197494 2
0.869619 -1.424325 1
0.943493 1.824470 2
0.915293 -0.892813 1
3.164084 0.828534 2
2.523652 1.864376 1
2.246426 0.934235 2
-0.544538 -0.044430 2
2.313516 2.339287 1
0.946916 1.471097 2
1.523526 0.225478 2
-0.504160 -0.011048 2
2.348159 1.699917 1
1.763968 0.298210 2
2.595269 0.240430 2
2.914813 0.147462 1
0.596438 1.685442 2
0.177206 -0.298649 2
2.791449 -0.013472 1
2.958092 0.502961 1
2.747025 -0.337603 1
1.268643 0.302587 2
1.853573 1.612894 1
1.679471 -0.184363 2
0.892360 -0.888174 1
2.151542 2.178936 1
3.066958 0.747649 1
1.836194 -0.229098 2
0.729240 1.455985 2
2.634505 1.139435 2
1.379224 -0.027724 2
2.131256 2.220621 1
1.247973 0.053440 2
0.502895 0.461669 1
2.337367 1.376183 2
-0.459335 -0.388166 2
3.145838 0.082550 1
2.764497 -0.117357 1
1.107835 -0.700184 1
0.962092 1.528095 2
2.578746 0.855386 2
2.962249 0.056530 1
0.824175 0.232236 1
2.656884 0.901779 2
2.316023 1.375095 2
1.035371 0.220057 2
3.176971 -0.126008 1
2.951283 -0.245019 1
0.849424 1.585185 2
3.248491 0.156072 1
0.544075 -1.193924 1
2.945515 0.980001 2
3.136752 0.076918 1
-0.257318 0.124256 2
2.004785 1.934357 1
2.606394 1.158870 2
1.063494 1.287690 2
0.827756 1.482086 2
0.496061 0.214726 1
1.210160 1.484669 2
2.724880 1.109689 2
1.114730 1.307925 2
2.035418 2.434399 1
3.029247 -0.021994 1
0.851979 1.367449 2
-0.663700 0.170114 2
2.363503 0.969229 2
1.971773 1.850368 1
0.751534 0.590903 1
2.022670 1.666306 1
2.224893 1.076479 2
3.192576 0.085299 1
0.979803 -0.936872 1
2.799282 0.226427 1
1.165372 -0.978861 1
2.931695 0.991217 2
3.043647 -0.468848 1
0.254548 0.590618 1
0.405639 0.414412 1
2.905877 0.478754 1
3.098182 -0.005142 1
1.655472 -0.714027 1
-0.481974 -0.306102 2
2.362318 0.815117 2
-0.530704 0.189793 2
1.627012 2.354586 1
2.376594 0.954687 2
2.029251 -0.582609 2
2.552083 -0.278798 1
1.386253 -0.897824 1
1.680396 1.936859 1
1.064616 -0.827055 1
1.022957 -1.141023 1
-0.191787 0.169740 2
1.891778 -0.130804 2
2.818493 0.824043 2
2.729627 1.157809 2
1.779382 0.023124 2
0.288355 0.785909 1
0.680519 0.434504 1
0.542362 0.359455 1
2.491746 0.814423 2
1.908978 0.098621 2
1.461427 -1.050557 1
0.666321 0.656385 1
1.647356 2.309909 1
0.410539 -1.555445 1
0.740160 1.468967 2
-0.192902 -0.183793 2
2.094002 1.605743 1
2.842012 0.929147 2
0.875557 1.573741 2
-0.450567 0.185123 2
2.131701 0.442549 2
0.476010 1.272601 2
0.875144 -0.361907 2
1.948968 -0.044666 2
-0.060978 -0.132159 2
1.135603 -0.984746 1
0.393879 0.677430 1
0.597994 0.741341 1
2.456058 1.181788 2
1.954756 1.752591 1
1.348867 1.447025 2
-0.237371 0.510974 1
1.430019 0.197020 2
-0.783049 0.255149 2
0.046021 0.396134 1
3.257969 -0.358700 1
-0.371907 -0.126266 2
0.463617 -1.181410 1
2.599497 1.909669 1
2.928307 -0.250305 1
3.112052 1.303009 2
3.200476 0.091558 1
-0.112944 0.193390 2
1.584472 0.178186 2
2.364651 1.094666 2
2.586153 1.298230 2
2.501990 0.099505 1
0.329541 0.475565 1
1.935901 1.890523 1
0.761931 -0.600020 1
2.332535 2.302899 1
-0.175480 0.012960 2
0.899806 -1.451403 1
2.546141 1.236892 2
2.106630 1.942560 1
0.808205 1.463197 2
2.258615 1.350470 2
0.481883 0.407927 1
1.411970 -0.119020 2
3.003582 0.364885 1
0.439450 0.471676 1
2.874999 0.791926 2
2.068721 2.241489 1
1.779979 1.701318 1
-0.651493 -0.072182 2
2.165222 1.820218 1
1.506607 -0.012822 2
-0.697057 0.529024 2
0.769779 0.720513 1
2.781130 -0.162603 1
2.194214 1.408468 2
0.109029 0.707436 1
2.117309 2.005870 1
-0.602697 0.009296 2
1.175143 1.467168 2
1.623068 1.964512 1
0.728717 0.652229 1
1.787205 -0.240484 2
0.719213 -0.996188 1
1.127935 0.231611 2
1.762937 1.927065 1
-0.730472 0.134752 2
2.244984 1.797472 1
2.249223 1.031939 2
1.030891 1.474747 2
2.993489 -0.167207 1
1.762795 0.052595 2
2.251960 1.078835 2
1.261567 1.346322 2
0.523620 0.840896 1
2.636239 0.244973 1
1.043325 1.431214 2
2.031221 1.758469 1
2.737996 0.991018 2
2.500293 -0.133792 1
0.909391 1.523582 2
1.542614 1.955659 1
2.251349 2.052467 1
2.993126 0.157365 1
-0.268795 0.233266 2
0.880134 -0.769482 1
1.916658 1.946396 1
1.415740 -1.079181 1
2.883120 1.142348 2
1.436692 -0.098811 2
2.138826 1.648636 1
1.819640 1.794161 1
0.426500 0.538741 1
0.418572 0.378536 1
-0.567168 -0.426302 2
1.992197 -0.218073 2
2.011992 1.925569 1
2.879563 -0.096809 1
0.572411 0.691986 1
-0.469476 0.067354 2
2.120898 -0.032313 2
2.516734 0.080882 1
1.241585 0.015876 2
1.590730 0.030523 2
-0.297424 0.206606 2
2.107472 0.984808 2
1.382333 0.078316 2
0.454881 0.713812 1
3.064260 0.464729 1
1.286029 1.505431 2
1.968433 1.646335 1
1.408427 1.731446 2
3.174076 -0.248364 1
1.561674 0.004424 2
3.131352 -0.161006 1
0.647294 0.407391 1
2.252603 0.835023 2
-0.542400 -0.219022 2
1.159280 -0.922629 1
-0.658865 0.160308 2
1.192369 1.422537 2
2.202805 1.159497 2
2.079081 1.349096 2
-0.369247 0.161077 2
1.990285 1.953323 1
2.242987 2.118275 1
2.144654 0.736990 2
2.206190 -0.980082 1
2.416910 1.485341 2
3.103675 0.077887 1
1.998780 1.582153 1
1.220859 1.227961 2
1.281999 0.299547 2
1.093692 -1.268615 1
1.023081 -1.443929 1
2.249284 1.954030 1
2.838594 -0.033379 1
1.199279 1.334049 2
1.188827 1.519637 2
1.357338 1.166529 2
-0.669967 0.042192 2
1.103179 1.386603 2
1.656195 1.819527 1
2.330121 1.187786 2
2.181456 1.466748 2
2.832696 0.264097 1
0.706050 1.333144 2
3.374702 0.142965 1
-0.506274 -0.086553 2
0.766393 -0.967065 1
2.333493 2.220194 1
-0.617517 -0.402419 2
0.232280 0.527296 1
1.155040 1.907320 2
2.044032 -0.085729 2
1.630584 -0.068639 2
0.532160 -0.950665 1
1.428884 1.942226 2
0.568040 0.284198 1
2.348805 2.033214 1
1.100793 -1.011772 1
2.714981 1.148482 2
0.024696 0.679169 1
2.035477 2.123812 1
2.492324 0.949691 2
0.104250 0.378807 1
-0.752791 -0.157801 2
2.122562 1.190815 2
2.738057 0.172126 1
-0.303929 -0.264967 2
0.619157 0.469953 1
2.553430 0.130414 1
0.820904 -0.778873 1
0.875183 1.507796 2
1.607837 1.806748 1
2.456928 1.122190 2
-0.921867 -0.127385 2
0.941657 -0.313936 2
0.645258 1.441609 2
2.980451 0.064228 1
3.154586 0.080633 1
0.583469 0.488766 1
2.070504 2.407562 1
1.948164 2.157642 1
0.635085 -1.167232 1
-0.279219 0.141876 2
1.605857 -0.758334 1
-0.559742 -0.219421 2
0.781437 -0.834724 1
3.230583 0.392583 1
2.668232 -0.229695 1
0.911767 1.279183 2
1.214393 -1.113143 1
2.219781 1.094726 2
1.652986 -0.103964 2
2.783323 0.350182 1
-0.539624 0.390307 2
0.910137 1.432124 2
0.734466 1.362967 2
-0.678726 0.223099 2
0.373032 0.270160 1
0.772436 1.285354 2
0.839978 1.650145 2
3.263158 -0.163794 1
-0.709386 -0.132415 2
-0.618458 0.169947 2
2.305748 1.874384 1
-0.424459 -0.122801 2
1.217460 -1.220703 1
1.527422 1.705409 2
1.567263 1.419113 1
-0.571957 0.193438 2
2.007014 0.778148 2
1.920759 1.993665 1
0.520422 0.307140 1
-0.230294 -0.081725 2
1.862248 2.232443 1
1.958432 2.012685 1
2.019566 0.201948 2
1.771167 -0.083300 2
2.666291 1.003824 2
0.869525 0.606244 1
0.683406 0.437240 1
1.870268 2.192386 1
1.437340 1.665467 2
1.950614 1.988918 1
2.423593 1.042241 2
0.699848 -1.037991 1
1.315429 1.892439 2
1.943218 2.334406 1
2.384215 1.026235 2
-0.539404 0.037271 2
0.350289 0.366008 1
3.247950 0.272342 1
1.917415 0.503013 2
1.622217 2.039635 1
2.096594 -0.025244 2
0.349746 0.026026 1
2.220519 1.161616 2
0.624490 0.378999 1
1.190064 1.664042 2
1.132843 -0.949710 1
2.834927 0.218216 1
-0.366494 0.164286 2
0.493639 -1.037781 1
1.059594 1.274668 2
-0.329713 0.232801 2
-0.418683 -0.154441 2
0.673575 1.180259 2
0.957386 -0.837107 1
1.561680 1.724139 1
0.979766 -0.775144 1
3.320902 0.375609 1
2.367404 1.833385 1
0.659224 0.178220 1
1.817581 1.829461 1
2.039634 1.805113 1
-0.094484 0.541231 2
-0.196862 0.087038 2
1.186927 1.624683 2
1.534632 -0.218209 2
0.986492 0.209565 2
0.530985 0.520111 1
1.237392 -1.076169 1
0.776933 -0.162712 2
0.380186 0.352793 1
1.800432 -0.185988 2
2.833874 0.188874 1
1.347486 -0.031236 2
1.623726 -0.040588 2
0.925502 -1.048242 1
-0.427493 0.270359 2
2.058375 2.198096 1
1.105136 -0.863591 1
3.029328 -0.312874 1
2.732138 1.030452 2
1.341061 1.537416 2
0.688066 0.304707 1
1.928890 0.941917 2
0.591795 -0.513467 1
1.229407 1.213558 2
-0.285437 0.028191 2
1.582443 2.027713 1
2.747163 0.007241 1
1.981955 1.812550 1
2.738394 1.088893 2
0.487919 -0.929113 1
2.375537 1.598779 1
1.078686 1.456502 2
1.461350 0.130261 2
1.889956 -1.296640 1
0.665637 0.486908 1
1.296631 0.048933 2
0.691890 0.724899 1
2.611845 0.915365 2
2.971673 0.169712 1
2.134951 1.784501 1
2.714875 0.913408 2
0.294393 0.196209 1
0.946897 -0.946176 1
1.803213 2.183147 1
0.420861 0.436535 1
3.380094 0.643797 1
1.466507 -0.841263 1
0.490820 0.448651 1
1.862873 1.974843 1
2.881901 0.162109 1
0.812014 0.474345 1
0.319746 0.373885 1
0.983946 -0.719418 1
1.583140 -0.049935 2
0.344946 0.368990 1
2.486302 1.356836 2
3.150700 0.152426 1
0.810294 1.546175 2
2.677047 0.916231 2
2.150739 0.929610 2
1.420526 -0.849284 1
1.240094 1.332970 2
1.252651 -0.292869 2
-0.549761 -0.185451 2
-0.950256 -0.233435 2
2.983061 0.351385 1
2.000997 2.108570 1
0.129422 0.387548 1
2.711113 1.002465 2
1.178047 1.340970 2
2.259051 2.434364 1
1.294321 -1.454989 1
0.458644 0.654160 1
2.781706 -0.099517 1
2.403880 0.900475 2
2.712075 0.782973 2
1.789717 0.365252 2
1.874211 2.212147 1
3.098634 -0.570053 1
2.534507 0.827696 2
2.963959 -0.172487 1
1.008507 -0.907302 1
2.194605 1.625646 1
1.580557 1.926732 1
1.065635 1.499184 2
-0.060434 0.021542 2
2.897295 1.026348 2
-0.500756 0.104881 2
2.830652 0.165745 1
2.107171 0.770238 2
1.630567 0.117444 2
3.167448 0.877771 2
1.807188 0.173447 2
2.060844 1.730043 1
0.198350 0.541515 1
1.504020 -1.067337 1
1.218053 -0.887995 1
2.650612 1.088478 2
0.980058 1.099598 2
0.947630 1.487620 2
2.926898 -0.003865 1
2.198366 0.939561 2
-0.822009 0.068953 2
2.252817 2.304821 1
0.724483 0.210021 1
0.908443 -1.052087 1
1.080102 1.592211 2
2.349240 0.573509 2
2.207328 1.164616 2
1.880723 2.025147 1
2.494003 0.908816 2
2.117580 1.611170 1
1.958021 2.201570 1
-0.271203 -0.076782 2
1.832586 -0.035351 2
-0.657059 0.569717 2
2.482788 1.175255 2
-0.421390 -0.028085 2
3.230650 -0.163043 1
0.724099 0.318272 1
0.696957 0.445144 1
-0.427301 0.247565 2
1.170710 -1.030776 1
-0.022653 -0.299714 2
0.931187 1.608609 2
2.796937 0.449250 1
3.438168 1.173521 2
1.064159 -0.714310 1
-0.852219 -0.256883 2
3.049903 -0.457254 1
0.808850 -1.185262 1
2.681467 -0.014543 1
-0.158079 -0.330435 2
1.704350 0.153240 2
1.120426 -1.104920 1
2.654827 0.928090 2
3.014443 -0.480303 1
1.804354 1.976021 1
3.100628 -1.067575 1
0.686549 0.682485 1
0.449124 0.628314 1
0.048560 0.242771 1
2.030581 1.223379 2
-0.435392 -0.576479 2
2.617663 0.659273 2
2.232320 2.032331 1
0.991164 1.059332 2
2.192358 1.919949 1
1.126922 1.663095 2
1.467831 0.199087 2
2.730159 0.920447 2
1.292786 0.158264 2
2.830570 1.113750 2
0.849371 -0.107441 2
2.793203 1.104688 2
1.447944 0.088433 2
1.127493 -0.738662 1
1.634395 0.127991 2
0.750023 -0.980149 1
3.270856 0.364758 1
3.280357 -0.209502 1
3.084259 -0.199759 1
0.359648 0.570331 1
3.101421 -0.373054 1
1.255659 0.017468 2
0.463955 0.955173 1
0.982536 -1.277553 1
0.403986 0.304021 1
2.778265 0.143289 1
0.700792 -0.572281 1
1.619050 2.016029 1
0.239422 0.543752 1
1.587764 0.095210 2
1.027837 1.683978 2
3.078522 0.373116 1
1.094813 1.768062 2
1.213424 1.582444 2
1.106399 -0.929443 1
1.265927 0.023852 2
-0.802926 0.186183 2
2.848014 0.949500 2
1.314530 0.098594 2
1.050612 0.106324 1
-0.626857 -0.167205 2
2.862186 -0.579069 1
2.412487 2.291516 1
0.944158 -0.526509 1
3.130668 0.400744 1
1.792279 0.273876 2
3.296839 0.931270 2
0.571120 0.795423 1
0.014212 0.358157 1
1.065212 -1.274247 1
1.945160 1.799558 1
1.530206 0.127840 2
2.968800 0.236756 1
1.088637 -1.227865 1
0.971406 1.538097 2
3.070399 0.245301 1
0.903121 0.128256 1
2.920723 -0.292340 1
0.917637 1.436589 2
3.203645 0.361114 1
1.252056 1.309486 2
-0.513939 -0.264076 2
-0.403973 -0.059097 2
2.046537 1.971680 1
0.656826 0.469537 1
0.186328 0.758118 1
-0.681347 -0.098218 2
0.829532 0.294743 1
-0.435592 0.376453 2
1.175235 -0.801998 1
0.774635 -0.933775 1
1.913747 2.288268 1
3.106714 -0.293789 1
0.980896 -0.114461 2
2.575558 0.982850 2
-0.276443 0.116122 2
3.266183 0.157013 1
2.596587 0.949632 2
1.225886 0.282192 2
-0.478554 -0.247891 2
0.975580 -1.378795 1
-0.575820 -0.296046 2
2.601295 1.083242 2
1.627840 0.104281 2
3.069472 -0.661664 1
2.746812 -0.295260 1
2.602436 1.021824 2
1.186681 -0.467439 1
-0.108975 -0.492369 2
0.897236 -0.883840 1
0.820394 1.631696 2
2.644086 0.994278 2
-0.328216 -0.486620 2
1.924653 2.258355 1
2.622285 0.721144 2
2.254112 2.110123 1
2.664078 0.227627 1
1.292566 -1.269154 1
-0.656997 0.172021 2
1.563929 -0.008383 2
0.242345 0.404785 1
1.791555 2.298819 1
0.324572 0.273092 1
0.291984 0.330672 1
2.237406 0.738272 2
3.010689 -0.027348 1
0.760300 0.479342 1
2.990258 0.099889 1
1.445811 0.007204 2
2.266224 2.007748 1
0.086395 0.306949 1
0.862460 1.576201 2
1.298755 -1.128319 1
2.477339 0.909475 2
1.892777 0.000866 2
1.874457 1.942152 1
1.542440 -0.165138 2
3.183190 -0.075572 1
0.178026 0.525843 1
3.083562 0.657611 1
0.813370 0.606175 1
0.621916 0.455917 1
-0.341239 -0.353962 2
2.486124 1.003166 2
1.308402 0.415895 2
-0.689345 -0.074246 2
0.381798 0.591329 1
0.983959 1.777827 2
0.397245 0.088199 1
0.980863 -0.884704 1
1.802894 0.175405 2
0.294071 0.272917 1
-0.576780 0.111632 2
-0.175485 0.425706 2
1.037343 -0.677763 1
1.540299 -0.107207 2
1.933416 1.726787 1
2.001126 0.057908 2
0.654770 0.313158 1
0.666018 0.779044 1
1.401896 0.131491 2
1.816293 1.721536 1
0.589306 0.602264 1
2.094751 1.775292 1
0.602405 0.275569 1
2.339248 1.377256 2
0.009624 0.165418 2
-0.469674 -0.182342 2
1.301057 0.041862 2
0.712028 -1.073605 1
-0.690302 -0.127229 2
2.933470 0.171493 1
0.569241 -1.112536 1
1.120416 1.485060 2
1.114695 -1.266042 1
1.062615 1.534524 2
0.590712 0.442074 1
0.882208 -1.355053 1
2.466498 1.278611 2
0.611232 0.388052 1
0.902619 1.225285 2
-0.403287 0.056403 2
1.086659 -0.056886 2
0.679506 -1.007837 1
1.325105 1.450463 2
1.686627 1.965644 1
0.746920 -1.037031 1
-0.103688 -0.019829 2
0.824005 -1.168977 1
0.617404 0.882271 1
1.228958 -1.521496 1
2.622224 0.126088 1
-0.554012 -0.097524 2
-0.971240 -0.009752 2
0.548912 0.204962 1
2.849528 1.052620 2
1.263110 -0.485410 2
2.585700 0.962988 2
0.072821 0.177277 2
2.681751 0.768732 2
0.841547 0.433151 1
1.708644 0.231202 2
1.062768 -0.924293 1
1.142675 -0.536692 1
0.240614 0.310637 1
-0.572086 -0.096848 2
2.303916 1.467895 1
1.569284 -1.283814 1
1.209096 -0.882517 1
2.004491 1.915490 1
0.981419 0.109668 2
0.952525 1.315746 2
3.018540 -0.243783 1
-0.043679 -0.093986 2
1.095056 1.493514 2
2.782675 1.163149 2
2.384025 1.049468 2
2.100892 1.196704 2
2.774473 -0.001206 1
2.128095 2.206211 1
3.121394 -0.058515 1
2.896272 -0.254495 1
1.208438 1.206243 2
1.245976 -1.059776 1
3.229714 -0.072451 1
0.801609 -0.831426 1
1.268467 1.195229 2
-0.381339 -0.063033 2
1.799717 -0.117254 2
0.453890 0.690634 1
3.122665 -0.478145 1
0.323958 0.144318 1
0.583240 0.343381 1
0.894850 1.547318 2
1.717405 2.116347 1
0.550229 -1.054318 1
1.802096 1.783360 1
2.807775 0.712898 2
-0.297157 0.324360 2
1.175283 0.063290 2
2.013893 2.256684 1
2.528156 0.969885 2
2.813613 0.285055 1
2.976713 0.096434 1
0.894335 1.815945 2
0.037015 0.417430 1
1.300059 -0.031191 2
-0.737472 -0.197926 2
1.162944 1.886544 2
0.969073 1.088633 2
2.006398 2.208398 1
0.552609 -0.916461 1
0.520607 0.483909 1
0.687823 -0.976459 1
1.016319 1.506834 2
1.475400 -0.202500 2
1.702535 -0.048556 2
0.376565 -0.950185 1
-0.810724 -0.380439 2
0.978528 1.382024 2
0.133746 -0.027251 2
2.282131 2.041705 1
2.645204 0.894783 2
0.454436 0.477666 1
1.224112 1.490495 2
2.503798 0.818244 2
-0.496144 0.158017 2
0.782040 -0.213081 1
1.097551 1.772475 2
1.341561 -0.190363 2
1.832216 2.180276 1
-0.474931 0.023507 2
0.833477 1.501836 2
2.130654 1.072070 2
1.449775 0.337519 2
0.967518 -0.664796 1
0.735399 -0.695694 1
1.199060 0.139716 2
1.937871 1.956580 1
-0.396396 -0.109313 2
2.477109 1.919364 1
2.010270 1.935581 1
-0.677683 0.235700 2
-0.266249 -0.186184 2
-0.424386 0.047348 2
0.719383 -1.181008 1
0.471211 0.904884 1
2.917146 0.907258 2
1.104286 1.263629 2
0.503091 0.648644 1
2.540433 0.248751 1
2.821676 0.253117 1
1.453006 0.164966 2
2.872485 -0.414505 1
0.880835 1.876752 2
0.889294 -1.325684 1
2.180183 1.127811 2
2.606360 1.172021 2
0.723407 -1.271732 1
-0.406772 -0.387774 2
2.513644 1.110654 2
1.027034 -0.140936 2
-0.169896 0.140194 2
2.033051 1.831374 1
0.296200 0.331181 1
1.436771 -0.186522 2
0.682044 -0.955738 1
0.616608 1.620705 2
0.529242 0.639552 1
1.575747 1.835256 1
1.252239 1.742304 2
1.034226 1.499425 2
0.053322 0.758866 1
-0.687126 -0.025269 2
2.720675 -0.061505 1
1.302278 -1.226037 1
0.936619 1.743858 2
1.059174 -0.818590 1
0.466729 0.557192 1
3.004715 0.093211 1
1.218844 -0.993235 1
2.979678 0.270166 1
0.412345 0.752762 1
-0.183765 -0.312163 2
2.875603 -0.361004 1
2.972097 -0.334705 1
0.059742 0.870236 1
0.350274 0.396073 1
0.504667 1.257475 2
1.083990 -1.073991 1
0.621330 0.755761 1
1.165752 1.462842 2
2.235928 1.131391 2
0.539059 0.415673 1
3.525249 -0.247893 1
2.774842 1.509456 2
1.418092 -0.156266 2
0.970152 -0.919132 1
2.245480 1.181038 2
1.911138 1.613640 1
0.001229 0.425464 1
1.411792 -0.644435 1
2.667380 0.780120 2
0.992738 1.588901 2
0.981543 1.626900 2
1.349912 0.180959 2
1.854360 1.812113 1
0.622302 0.438391 1
2.739519 1.275877 2
-0.709544 -0.058767 2
1.958965 0.141396 2
1.510799 1.478271 2
1.267475 1.592754 2
1.441205 0.294167 2
0.606720 1.261727 2
1.082670 -1.447927 1
1.457210 -1.304894 1
2.382783 1.296072 2
3.200523 -0.008566 1
-0.452130 0.206994 2
-0.398125 -0.051055 2
1.693585 1.652342 1
0.789969 -0.909211 1
1.391546 1.590974 2
2.974464 0.710548 2
1.966329 0.288211 2
2.150232 2.194064 1
0.939077 0.136056 1
1.485663 0.415019 2
0.674453 0.084641 1
3.467717 0.122027 1
2.408379 1.774195 1
0.949797 1.411023 2
0.461514 0.451909 1
2.937893 -0.201386 1
1.582092 0.069272 2
2.835612 0.523306 2
1.063641 1.595438 2
2.203108 1.500484 1
1.586823 -0.097056 2
2.410079 1.186255 2
0.952853 1.533119 2
1.185930 1.724108 2
2.032141 0.186738 2
0.877010 1.251683 2
-0.448584 -0.434864 2
1.132710 1.328675 2
1.778626 2.155303 1
2.518483 0.862061 2
1.683175 -0.347403 2
0.186484 0.622826 1
0.614587 0.536229 1
1.002400 -0.927363 1
0.962880 -0.577772 1
1.572552 -0.154490 2
0.869380 1.602769 2
1.578554 -1.254525 1
0.611801 0.362491 1
-0.196305 0.559260 1
0.703854 0.380893 1
0.419811 0.137151 1
1.768970 0.349253 2
2.651731 1.102397 2
1.097302 -0.912515 1
1.195237 -1.037123 1
1.285032 1.702377 2
1.998390 0.580128 2
0.725091 -0.994594 1
2.086464 1.967033 1
0.517237 0.237741 1
0.830672 1.367459 2
3.253199 0.163630 1
2.557508 1.480824 2
1.145116 -1.108563 1
1.139171 -1.179111 1
1.064645 1.409176 2
2.658065 1.118877 2
2.599345 0.040273 1
1.478224 -1.114165 1
0.921417 1.720888 2
3.218418 -0.770308 1
-0.921030 -0.086121 2
0.981007 0.210482 2
1.622632 -0.131122 2
0.349660 0.394638 1
2.882560 -0.522375 1
2.391751 2.012804 1
0.986526 1.361327 2
1.327145 0.007590 2
2.584504 0.840500 2
2.739271 -0.317910 1
1.364971 0.196022 2
0.393023 0.541184 1
0.793459 1.223178 2
1.192376 -1.118897 1
1.169158 1.485038 2
2.074140 1.834586 1
0.866987 -1.015356 1
3.344626 0.104276 1
1.232805 -0.361508 2
2.896720 0.208916 1
2.901880 0.587587 1
1.591694 -0.110263 2
0.643030 1.125353 2
1.559499 1.979251 1
2.494225 1.025379 2
-0.472775 -0.051761 2
2.986383 0.132666 1
2.355585 1.077879 2
0.142815 0.477239 1
3.013643 0.383111 1
3.097463 -0.103484 1
-0.800084 -0.039635 2
-0.181456 -0.003084 2
1.193139 0.344583 2
2.894142 -0.527037 1
2.159936 1.174381 2
1.597033 -0.733698 1
1.480621 0.992526 2
2.585073 0.970139 2
2.358554 0.920319 2
1.219685 -0.601093 1
-0.434889 -0.086826 2
1.377106 0.158605 2
0.937186 -0.989488 1
1.118010 -0.315362 2
0.270487 0.734671 1
0.698993 -0.997641 1
1.395683 -1.199506 1
2.927409 1.026393 2
1.499056 -1.156734 1
-0.583205 0.003756 2
0.362146 0.562808 1
1.911850 2.340935 1
1.154221 1.729759 2
1.883054 1.677416 1
1.551991 -0.847042 1
1.509758 0.340201 2
0.607780 0.562816 1
2.428556 0.807813 2
1.073537 -1.081859 1
1.921689 0.763144 2
-0.154042 -0.199518 2
0.445393 0.409367 1
3.181530 -0.567000 1
1.089074 -1.312895 1
-0.864630 -0.039459 2
2.060194 1.085722 2
2.070576 0.267308 2
1.245234 -0.216732 2
3.076725 0.182086 1
1.727561 -0.044811 2
3.025890 0.618930 1
0.631041 0.348458 1
1.673291 -0.061439 2
0.643099 1.414809 2
2.717889 1.062335 2
1.964908 2.002387 1
3.006878 0.246446 1
1.983131 1.803946 1
0.844881 -1.030826 1
0.214841 0.465778 1
0.282304 0.358473 1
0.677924 1.575646 2
1.202814 1.631592 2
1.376550 0.085247 2
0.993412 1.507481 2
0.617601 -1.064302 1
2.614223 1.217316 2
2.023456 1.785627 1
0.951047 1.118270 2
1.957136 1.870865 1
1.296917 -0.258083 2
0.219160 0.508008 1
0.706319 -1.052393 1
-0.383472 0.220339 2
3.010893 -0.161199 1
2.849588 0.299655 1
2.652532 0.969699 2
-0.607036 -0.175108 2
1.520953 0.528869 2
2.327510 1.081386 2
0.857966 1.818368 2
2.294835 1.750260 1
0.987243 -0.737567 1
0.811905 1.887024 2
0.645958 1.324777 2
2.470373 1.021489 2
2.043050 1.715625 1
2.464801 0.166285 1
-0.433529 0.043551 2
0.652799 0.601350 1
1.813776 1.385199 2
0.632864 1.207671 2
1.818310 2.045566 1
2.670551 0.277775 1
3.157254 -0.142305 1
0.798950 0.424343 1
-0.956050 0.121445 2
3.104325 1.085832 2
-0.534540 -0.075905 2
1.164459 -0.788231 1
2.872070 1.281237 2
0.627412 -0.200629 1
3.029348 0.605502 1
2.508052 0.849539 2
-0.524097 -0.289232 2
1.252522 0.442606 2
-0.085011 -0.333392 2
0.746254 0.544811 1
0.653369 0.378750 1
0.528202 0.514844 1
3.200479 -0.054212 1
0.896418 -0.923164 1
2.026985 2.099635 1
1.284009 -1.157618 1
1.276590 1.905823 2
2.798334 0.393676 1
1.832070 1.957019 1
2.301139 0.782229 2
0.603178 0.356941 1
2.759730 -0.165411 1
2.155383 2.482422 1
0.766435 1.350007 2
0.800234 0.817898 1
3.327716 -0.108460 1
1.038025 1.516882 2
1.585988 -0.833254 1
-0.274828 0.206131 2
1.566533 0.393721 2
1.462965 -1.042341 1
2.496629 0.882830 2
0.480621 0.607183 1
1.795680 2.009020 1
1.238188 1.283676 2
1.008544 1.360966 2
-0.659294 0.115815 2
0.944404 -1.095859 1
1.066892 -0.156509 2
0.637141 0.263170 1
2.460468 1.005901 2
2.658259 1.169325 2
1.374919 -0.002832 2
1.951488 2.118390 1
-0.253346 0.152084 2
1.450332 0.267061 2
2.951183 0.988137 2
2.205087 1.676112 1
0.582185 1.922106 2
0.958968 1.129769 2
1.098888 1.572254 2
2.307878 1.011343 2
2.187607 2.058264 1
1.049056 -0.921454 1
-0.116674 -0.359292 2
1.100893 -0.761258 1
-0.263302 -0.014376 2
0.576379 0.488850 1
0.463396 0.478324 1
0.508773 1.164120 2
2.367286 1.207918 2
1.177644 0.010865 2
1.150945 -1.022019 1
2.626645 1.233622 2
0.496026 0.643218 1
-0.457784 0.169174 2
1.553212 -0.006848 2
0.449890 0.389965 1
0.888190 1.437964 2
0.962514 -0.521316 1
1.613948 -1.362384 1
3.135373 -0.093231 1
1.498037 -0.006793 2
0.663274 -1.094785 1
3.005170 0.460159 1
2.625781 0.930502 2
3.225040 -0.213618 1
1.908515 1.816734 1
2.618121 1.046906 2
1.117168 -0.930065 1
1.009610 1.280698 2
1.378077 -0.914259 1
1.016785 1.719972 2
1.469993 -0.111474 2
0.368869 0.602079 1
2.840343 0.060816 1
2.044461 1.704181 1
2.167840 1.988594 1
2.534551 1.182131 2
0.548473 -0.971135 1
1.212968 1.274356 2
1.072717 0.074645 2
2.226135 1.808059 1
1.065197 -1.032960 1
1.385275 0.168287 2
-0.052817 0.047665 2
2.029631 0.954333 2
-0.715736 0.031329 2
-0.442895 0.118091 2
3.082098 0.108656 1
2.794565 -0.223592 1
0.408383 0.499284 1
2.082310 2.526545 1
2.008430 2.084225 1
-0.393900 -0.109753 2
1.805012 0.366643 2
1.053265 1.693711 2
-0.211870 0.016962 2
3.115079 -0.166273 1
1.007356 -1.182674 1
0.950325 -1.101100 1
2.956122 0.917841 2
1.131406 1.504168 2
2.462326 0.048348 1
3.144717 -0.186047 1
1.366189 1.849795 2
0.921189 1.161098 2
2.556430 0.148015 1
-0.811905 -0.027438 2
1.399071 -1.034629 1
2.331974 2.138645 1
3.166604 0.280302 1
1.918448 -0.088069 2
1.981914 1.780509 1
1.960482 2.100391 1
1.714567 2.348023 1
